215.977 52.6468 -1.31824 4.26622 231.023 36.7145 -0.154197 0.494602 31.0977 36.4444 0.850204 0.0260122 0.499143 0.737374 0.611111 0.823603 1.93754 0.01335 56.74 0.15297 1
212.124 52.6524 -0.820333 4.01319 230.884 33.8384 -0.146492 0.437111 33.97 42.1037 1.15518 0.377894 0.650153 0.710069 0.888889 0.891816 1.99213 0.0121361 45.716 0.171324 1
219.411 51.7467 -1.04762 4.6451 234.512 30.9086 -0.0628726 0.180118 30.3333 41.0627 1.34579 0.11374 0.596161 0.740546 0.910714 0.820954 1.85058 0.0202778 39.5 0.227903 1
223.03 46.8666 -1.27514 5.00589 236.184 29.2501 -0.107193 0.348145 26.3533 35.2848 1.22813 0.0848857 0.749901 0.748044 0.570058 0.963617 1.85908 0.0200745 32.2214 0.231365 1
167.07 24.2654 0.0276078 1.98312 224.581 8.3728 -0.00653362 0.00551773 85 24.6737 0.0662984 0.00106312 0.53554 0.590476 0.466667 0.947521 1.60206 0.025 44.8 0.0533193 0
214.006 50.76 -0.538296 3.69178 234.754 27.0891 -0.0925287 0.255291 36.3273 43.9314 1.17472 0.158865 0.417903 0.690626 0.486883 0.779398 2.05986 0.011392 23.3711 0.269665 1
209.156 52.4503 -0.26948 2.6347 234.304 24.1586 -0.0505478 0.102603 41.8036 47.9262 0.952493 -0.0525008 0.613774 0.708893 0.525031 0.89308 1.99904 0.0143141 25.3425 0.276992 1
150.158 41.6812 -0.00958219 2.60917 219.337 13.9832 -0.00776816 0.00547227 102.069 42.3021 0.233749 0.0320911 0.301474 0.469136 0.5 0.811089 1.62236 0.0265349 72.0968 0.116844 0
219.115 48.9954 -0.921405 4.65431 235.875 28.5863 -0.134425 0.483208 30.7716 40.0633 1.32496 0.00967259 0.401841 0.644348 0.46 0.780407 2.03072 0.0122635 25.2788 0.259479 1
200.76 34.699 0.0605196 2.2246 234.64 11.0341 0.00100914 0.000820594 50.3 35.4419 0.553723 -0.02801 0.205247 0.363095 0.267857 0.894963 0.60206 0.25 156.5 0.00638945 0
216.032 50.7068 -0.569581 4.79317 235.645 27.1146 -0.0889072 0.301512 34.8104 44.3446 1.47259 0.393503 0.328972 0.640046 0.451925 0.707026 1.83313 0.0272089 24.0896 0.315025 1
156.423 53.4392 -0.173453 2.86073 216.901 29.0241 -0.0984137 0.171717 94.8239 50.6833 0.672892 0.000981807 0.215741 0.521886 0.219373 0.842287 1.446 0.0416667 119.375 0.0135303 0
215.857 32.6333 -0.238307 1.74212 238.595 13.8994 -0.0558045 0.0835022 37.4048 27.4634 0.319667 -0.180151 0.218278 0.30486 0.69697 0.786372 1.09123 0.0859375 47.5 0.145179 0
207.717 52.7658 -0.455075 2.75049 230.86 29.8964 -0.130766 0.329058 40.4835 44.6697 0.835832 0.043451 0.439462 0.659087 0.474312 0.799923 2.03456 0.0128645 24.1813 0.259065 1
219.305 37.2382 -1.72824 6.24244 235.983 27.8199 -0.396611 1.48366 27.6949 24.4549 0.573431 -0.486075 0.11065 0.243076 0.21608 0.874326 0 0 0 0 0
206.721 52.8844 -0.342982 2.77846 233.158 26.4549 -0.0901584 0.205049 43.8308 47.4659 0.875098 -0.146785 0.677618 0.690186 0.548738 0.941593 1.84807 0.0282163 23.0479 0.347058 1
200.106 52 -0.207959 2.91522 231.279 25.6702 -0.0987154 0.220245 50.5684 47.639 0.74726 0.0595332 0.578855 0.724875 0.436293 0.901109 2.06578 0.0116545 15.2155 0.331849 1
208.435 40.4175 -0.790726 3.78086 233.304 24.2611 -0.152483 0.321123 40.0978 32.5553 0.801157 -0.299842 0.196752 0.409536 0.219409 0.903223 0.30103 0.5 196 0.00507614 0
204.419 50.8505 -0.285415 2.04592 231.77 25.8893 -0.110243 0.223197 46.1684 43.9624 0.57534 -0.0230282 0.588627 0.661591 0.466675 0.884862 2.00254 0.013841 15.165 0.344366 1
196.996 53.5939 -0.399117 2.4784 223.962 36.0877 -0.224357 0.409418 46.2335 42.8691 0.526615 0.341685 0.497629 0.644078 0.436064 0.868499 2.06143 0.012726 12.6244 0.385127 1
231.292 27.459 -1.42476 7.32696 243.438 15.1787 -0.137989 0.484957 20.4896 21.7256 1.51733 -0.733859 0.532504 0.647059 0.411765 0.915185 1.7902 0.0171875 59.95 0.151957 0
223.838 20.9278 -0.207476 1.62809 240.459 10.0582 -0.0660716 0.0519848 26.2703 17.64 0.0816732 -0.163496 0.26551 0.47361 0.267176 0.901706 0.577465 0.277778 123 0.00856144 0
220.423 36.5904 -1.16054 4.45468 237.205 22.917 -0.187238 0.499988 28.5897 26.5037 0.768542 -0.228831 0.223302 0.481217 0.233333 0.8822 1.39226 0.0429688 85.375 0.0231393 0
212.517 50.5581 -0.910794 3.48366 230.979 32.2475 -0.104894 0.270873 33.8708 39.0939 0.941275 0.040116 0.334269 0.689236 0.222222 0.928357 1.99671 0.0120988 44.3852 0.104891 1
195.387 54.502 -0.222061 1.74986 227.365 28.3523 -0.0731545 0.099596 53.3694 47.3076 0.391213 -0.0317772 0.470122 0.58935 0.606443 0.797868 1.788 0.0364233 13.4926 0.471631 1
228.445 40.3772 -0.652458 5.79461 242.545 19.2504 -0.183601 0.880346 24.8548 36.3087 1.80734 -0.241274 0.154676 0.391577 0.314888 0.7019 1.61973 0.0567929 38.066 0.356466 0
196.458 51.8826 -0.244079 1.79571 228.398 27.335 -0.0956421 0.131958 52.8009 44.7854 0.389252 -0.0466452 0.317271 0.65911 0.610559 0.660813 1.72582 0.0512633 9.03652 0.557886 1
199.226 45.4469 -0.208369 2.23761 231.434 22.4596 -0.0577832 0.0896329 50.4151 40.8806 0.738646 0.0333857 0.218667 0.594828 0.137931 0.954061 1.7192 0.020202 12.7576 0.272489 0
177.573 60.5892 -0.0586364 1.36024 209.186 42.7366 -0.155391 0.0838357 59.2247 43.93 -0.0192065 0.0504834 0.524572 0.642946 0.86245 0.822285 1.71747 0.046854 5.82613 0.625338 1
206.762 37.7403 -0.300853 2.31716 235.314 18.8802 -0.149018 0.381964 44.219 33.2365 0.459574 -0.254373 0.115889 0.421212 0.104895 0.939658 1.95785 0.0118408 30.8594 0.149772 0
204.385 45.2958 -0.478013 3.15718 231.015 25.2102 -0.0676292 0.105275 43.2 38.3202 0.864141 0.00242509 0.128519 0.559304 0.0895522 0.93433 1.56591 0.0283447 93.7619 0.0156042 0
169.27 58.9057 0.130823 1.44885 203.322 43.5812 -0.192761 0.0156572 64.1368 41.8322 -0.157783 0.0628157 0.390088 0.665952 0.870326 0.698172 1.65007 0.0618858 4.82162 0.660375 1
211.156 30.9482 -0.103319 2.60176 236.812 15.0477 -0.115439 0.299148 38.7344 28.3175 0.574648 0.150753 0.299459 0.434512 0.30303 0.937689 0.778151 0.166667 152.667 0.00856392 0
196.535 29.0448 0.00878661 3.00829 233.907 11.2618 -0.00390704 -0.00334698 55.4186 27.9927 0.593973 0.164907 0.289781 0.552083 0.333333 0.872706 1.12886 0.078125 49.625 0.0236545 0
175.891 36.7895 0.0348307 2.06577 226.457 13.2028 -0.005996 0.0015905 74.8261 36.72 -0.293941 0.032337 0.212958 0.453107 0.207012 0.908078 1.4967 0.03375 66.75 0.102943 0
175.79 27.9565 0.0586402 1.3605 226.95 8.82426 0.00873967 0.00233914 75.22 29.6275 0.00339482 -0.0601872 0.246667 0.845238 0.107143 0.964649 1.37645 0.0467128 118.824 0.00988272 0
181.043 33.2252 0.120424 2.7867 226.239 12.8625 0.00159334 -0.0108421 67.6957 33.3427 0.0333909 0.134894 0.265498 0.59375 0.1875 0.934186 0.778151 0.166667 96.3333 0.0114921 0
184.5 34.3534 0.00591613 1.64841 231.476 11.4002 -0.00108019 7.65471e-05 68.5714 34.2005 0.0476287 0.0221354 0.408903 0.611111 0.294118 0.961293 1.30103 0.05 134.3 0.00782385 0
161.595 55.7068 0.370395 1.78669 198.473 42.1759 -0.241775 -0.0911193 69.0901 39.9478 -0.298876 0.0740163 0.182811 0.492088 0.834793 0.574185 1.77608 0.037584 5.07395 0.615347 1
215.271 50.7324 -0.706657 5.13738 232.612 30.3815 -0.0617084 0.177719 31.0235 42.3956 1.63864 1.08224 0.146723 0.686275 0.0882353 0.91434 1.74016 0.0197368 51.0263 0.0932214 0
226.356 43.6637 -1.07225 11.1239 239.277 24.5361 -0.076455 0.209743 26.0628 36.898 2.43605 1.94232 0.162409 0.55989 0.120805 0.897957 1.96792 0.012176 22.3724 0.216338 0
204.092 40.8185 -0.282081 3.69334 233.881 20.0722 -0.17805 0.58464 46.844 36.7974 0.807938 -0.141148 0.255895 0.416829 0.315487 0.90151 1.70132 0.0232 72.22 0.107348 0
178.227 60.3852 0.0301722 1.30112 204.33 44.9502 -0.130249 0.0405318 52.3193 40.2035 0.0051141 0.072417 0.291084 0.593429 0.636599 0.650163 1.57834 0.0957487 7.87215 0.621722 1
228.59 36.6203 -0.470638 5.28311 243.281 16.1762 -0.0928589 0.331762 24.4532 33.8425 1.75007 -0.34465 0.288916 0.57507 0.21282 0.936496 1.99988 0.011556 34.4688 0.185641 0
192.162 32.0389 0.0453108 2.37777 230.485 14.306 -0.0244581 0.00499519 57.4853 29.6432 0.116062 0.228836 0.1992 0.383722 0.243437 0.909034 1.39685 0.0422222 56.0667 0.0929049 0
185.179 32.6456 0.13298 2.67889 228.795 12.5804 0.00184241 -0.0110382 65.0128 31.7678 0.154554 0.0973081 0.156992 0.347953 0.187192 0.940501 1.51175 0.0325 71.45 0.0261372 0
219.119 49.7929 -0.947543 6.18829 235.761 28.9248 -0.094618 0.292146 31.7164 41.256 1.7213 0.686319 0.16733 0.563914 0.119048 0.91508 1.99442 0.0111754 21.8713 0.229563 0
172.76 59.3304 0.132298 1.38577 202.984 44.1316 -0.163747 0.00815672 58.5594 40.2626 -0.113764 0.0574154 0.448769 0.69669 0.800822 0.746851 1.67893 0.0474009 3.73766 0.664497 1
189.329 40.1088 0.00269214 1.70912 230.219 15.8514 -0.0154529 0.00587027 61.1233 38.1956 -0.0540698 0.0336732 0.145279 0.305039 0.232236 0.89797 1.07918 0.0833333 14.6667 0.0892911 0
214.218 40.2388 -0.300818 3.651 237.66 17.8801 -0.0912442 0.283599 37.359 36.7873 1.03819 -0.095591 0.225506 0.558587 0.191785 0.897196 1.85707 0.0158699 35.1549 0.220949 0
195.103 42.4563 0.0100006 1.76588 233.948 13.8569 0.000573188 0.000497985 57.3448 42.2389 0.566857 0.0109653 0.170777 0.358059 0.257936 0.874775 0.778151 0.166667 144.667 0.00699188 0
178.994 59.6503 -0.0470765 1.35849 211.784 40.6148 -0.1576 0.0878627 59.7426 44.9626 -0.042219 0.0259466 0.477506 0.659459 0.761828 0.777678 1.71519 0.0471574 7.03344 0.627124 1
186.089 33.1125 0.14284 2.98716 227.889 13.7892 -0.0088591 -0.01861 63.0444 31.1534 -0.211153 0.176497 0.160757 0.361898 0.191419 0.929219 0.90309 0.125 16.5 0.13 0
193.394 55.3145 -0.234023 1.59117 225.154 30.8748 -0.0959785 0.117902 53.8995 46.577 0.297546 -0.0220763 0.471555 0.696855 0.589082 0.779355 1.71677 0.0629934 12.8553 0.57705 1
102.706 3.98179 1.78926 7.41913 113.039 3.00301 0.000587424 -2.9676e-05 34.0588 13.881 0.0715376 0.01018 0.273773 0.423648 0.378947 0.888043 1.1299 0.0765306 50.5 0.170128 0
102.96 3.47348 0.48904 2.53462 117.64 3.8075 0.000580729 -5.49539e-05 44.7867 12.2369 0.0297837 -0.00532716 0.724909 0.720238 0.619048 0.960134 1.65143 0.0235969 29.8214 0.222347 0
197.149 55.1594 -0.199853 1.67491 228.96 26.7593 -0.0515146 0.0655734 52.4635 49.3439 0.465197 -0.039226 0.315789 0.606505 0.839213 0.655294 1.79522 0.0538118 16.1702 0.49428 1
184.059 52.9451 -0.101734 1.82946 219.751 31.9306 -0.130486 0.102771 60.4502 43.6364 0.11177 0.100214 0.126731 0.399066 0.678989 0.547569 1.84643 0.0533263 15.4466 0.495984 1
202.973 52.9198 -0.362265 2.10882 229.722 28.5859 -0.0812441 0.138564 45.4629 45.4731 0.643419 -0.0521433 0.571454 0.65037 0.626159 0.848433 1.71596 0.0822909 23.0944 0.496556 1
204.218 50.8375 -0.320353 2.3325 230.96 27.8237 -0.137223 0.271716 44.7144 44.0391 0.61469 -0.0549412 0.653586 0.725921 0.705078 0.884801 1.89837 0.0406911 21.1327 0.412063 1
221.231 43.5919 -1.19456 5.26403 237.923 27.5764 -0.138528 0.350303 28.4231 33.9028 1.20204 -0.0876485 0.346799 0.438597 0.473684 0.853837 0.30103 0.5 225 0.00442478 0
198.247 54.1418 -0.237259 1.71142 226.868 30.1803 -0.102813 0.139595 48.5383 46.0352 0.38276 -0.0303013 0.568842 0.671294 0.51279 0.869668 1.61775 0.0963549 18.2613 0.53556 1
204.738 50.2645 -0.345853 2.29942 231.371 26.3798 -0.08138 0.134105 44.3444 43.6188 0.684903 -0.0119905 0.505635 0.701296 0.627951 0.781302 1.82536 0.0543872 24.2372 0.466321 0
209.44 50.3008 -0.321157 2.98765 235.075 23.397 -0.055707 0.11685 41.7662 45.9927 1.04449 -0.0773283 0.634866 0.674923 0.582 0.872218 1.85024 0.0475219 28.6682 0.410459 1
211.058 47.8912 -0.21286 2.89605 236.584 20.0491 -0.0314477 0.0538152 40.9124 44.7568 0.999854 -0.0103328 0.546304 0.679951 0.594765 0.830661 1.62194 0.0812857 30.6819 0.474782 1
210.283 48.4533 -0.170513 2.84034 236.426 19.6317 -0.0331117 0.0706268 41.7956 45.8978 0.956548 -0.0577159 0.524607 0.68605 0.697424 0.804266 1.72326 0.0512937 27.1401 0.389912 1
204.768 51.2286 -0.158265 2.22902 234.026 21.7521 -0.042464 0.0776027 46.7907 47.9075 0.687878 -0.0665101 0.411814 0.708402 0.565739 0.756227 1.8308 0.0396892 22.9229 0.402834 1
219.767 39.3564 -1.57777 4.72726 233.116 29.5896 -0.124316 0.359509 23.8605 23.8382 0.614885 0.140115 0.504096 0.729412 0.294118 0.978455 0 0 0 0 0
208.905 53.3119 -0.15929 2.17991 235.578 21.8453 -0.0314376 0.0610058 43.0862 50.3974 0.846661 -0.0791472 0.544677 0.687497 0.489102 0.906191 1.7724 0.0397361 29.2686 0.344397 1
219.977 42.3586 -1.95886 6.52806 235.136 31.9364 -0.172832 0.648544 26.5909 26.3709 0.710591 -0.201643 0.552815 0.666667 0.375 0.974646 0.30103 0.5 225 0.00442478 0
213.11 52.2544 -0.290355 3.52052 236.309 23.4695 -0.0468681 0.104446 38.936 48.3163 1.21388 0.0263824 0.426411 0.675991 0.542071 0.774345 1.68632 0.0648726 32.5654 0.403229 1
222.809 43.58 -2.28306 7.62628 235.915 34.8827 -0.128018 0.389293 23.617 25.2187 0.681222 0.0850787 0.410107 0.598143 0.298851 0.95505 0 0 0 0 0
212.424 54.0535 -0.298062 2.83075 235.071 25.3789 -0.0451953 0.103457 38.1472 49.5425 1.0991 -0.0394889 0.623589 0.757446 0.465184 0.934697 1.54527 0.100068 36.8575 0.471185 1
212.959 50.616 -0.350962 2.85227 235.957 23.6326 -0.0520666 0.113453 38.5977 45.545 1.04015 -0.0462317 0.695017 0.76185 0.570029 0.937632 1.84885 0.0242896 38.0898 0.284549 1
230.316 24.9625 -2.49708 10.9012 241.807 18.1141 -0.492764 2.37832 19.4386 15.9682 0.798345 -1.04532 0.208791 0.485939 0.183246 0.932529 0 0 0 0 0
222.368 49.7789 -0.55365 4.87698 238.452 24.2349 -0.0391272 0.119262 28.9066 44.8556 1.70953 -0.00965886 0.597142 0.708333 0.45 0.917867 1.84432 0.0214999 41.2379 0.222331 1
235.903 25.8836 -2.22959 9.77347 244.645 17.2076 -0.44659 2.17438 16 17.9228 1.05637 -1.26057 0.235131 0.414634 0.243902 0.91112 0 0 0 0 0
215.055 50.5738 -0.502991 3.20955 235.308 25.7151 -0.0621804 0.161585 35.3907 44.2616 1.16681 -0.0479947 0.600121 0.719376 0.406161 0.948655 1.94015 0.0161739 33.8179 0.202466 1
202.031 51.8451 -0.194444 1.90328 232.408 23.75 -0.0718173 0.138514 49.2802 47.161 0.530106 -0.110195 0.450258 0.720977 0.404653 0.830746 1.83643 0.0302492 19.1601 0.354684 1
221.273 43.9738 -1.70228 7.45716 237.068 30.226 -0.177353 0.678298 27 32.7844 1.32064 -0.352907 0.438741 0.605159 0.321429 0.948994 0.30103 0.5 225 0.00442478 0
210.125 52.2249 -0.453707 2.97823 232.834 28.1144 -0.0857852 0.18724 38.966 45.1444 0.939279 0.056383 0.63533 0.696903 0.453059 0.948288 1.89328 0.021935 18.0677 0.352421 1
203.046 51.9333 -0.2356 2.48761 231.758 25.2122 -0.0736052 0.136634 47.42 46.6945 0.705793 0.0888034 0.451874 0.683791 0.589585 0.755117 1.76011 0.0538707 16.7267 0.475396 1
201.469 53.0971 -0.198825 1.98339 229.971 27.6382 -0.0809057 0.129534 46.5033 47.2935 0.580685 0.0309153 0.688656 0.751767 0.596323 0.909565 1.92739 0.0218724 25.4703 0.357729 1
205.741 52.0272 -0.281235 2.40518 232.733 25.0141 -0.0588226 0.0951697 44.9564 46.399 0.772074 0.00468013 0.754624 0.731979 0.734774 0.924247 1.76328 0.0351208 28.1357 0.367862 1
213.885 52.5995 -0.486804 3.56749 234.63 27.2725 -0.0540209 0.109419 35.9069 46.0487 1.22837 0.196921 0.73989 0.765207 0.61505 0.934457 1.83534 0.0309936 36.4395 0.286263 1
207.333 56.1578 -0.194864 2.67209 234.803 23.593 -0.0407365 0.0849863 45.2137 52.86 0.959447 -0.0651394 0.462962 0.696205 0.512989 0.804222 1.84089 0.0263896 37.8526 0.309055 1
203.89 55.6595 -0.201982 2.14959 232.676 25.0567 -0.0472678 0.0811608 47.2589 51.2971 0.734714 -0.0662471 0.407061 0.69349 0.560452 0.743664 1.91853 0.0186635 36.1775 0.264341 1
221.628 50.0842 -0.669892 5.11912 237.367 25.915 -0.0452048 0.138166 29.447 43.8769 1.69409 0.150064 0.685435 0.796241 0.542857 0.932437 1.82479 0.0233164 42.6906 0.227042 1
134.66 20.3033 0.115334 8.23718 215.511 7.00417 0.00128837 0.00100506 118.319 20.8318 2.21826 -0.180703 0.389414 0.487836 0.456522 0.894558 1.40579 0.0416667 72.4444 0.0840983 0
212.491 54.143 -0.374342 3.3854 235.507 25.8173 -0.061595 0.149773 39.4364 49.3146 1.21257 -0.0910388 0.608102 0.743909 0.603366 0.896589 1.70718 0.0425013 32.3339 0.331101 1
209.215 53.8946 -0.359233 3.42388 233.587 27.5562 -0.0996281 0.294998 41.4782 48.9055 1.10539 -0.00988999 0.603248 0.724211 0.458976 0.928149 2.03325 0.0128146 35.5424 0.213979 1
196.897 55.0128 -0.26347 3.4975 228.583 30.8966 -0.1577 0.409754 52.1881 50.338 0.846921 0.15842 0.524593 0.695057 0.563008 0.835213 2.10814 0.0107899 29.6104 0.246158 1
204.58 54.1627 -0.383041 3.00028 231.128 29.1315 -0.107529 0.237003 44.8077 47.6814 0.858684 0.0110192 0.67329 0.705182 0.639543 0.927046 2.10994 0.0110237 28.4826 0.267435 1
211.538 56.9761 -0.645328 3.53816 231 33.1241 -0.058318 0.138133 35.9615 47.8927 1.1738 0.143211 0.199816 0.548493 0.702439 0.557365 2.05028 0.0117119 39.47 0.207831 1
184.159 67.4848 -0.313419 2.1754 215.551 41.5614 -0.0485424 0.0758596 58.8406 57.6183 0.66609 0.117577 0.211115 0.378318 0.898305 0.697606 1.50057 0.033241 63.7895 0.123426 1
206.181 55.9165 -0.46441 2.79527 229.759 31.8348 -0.104385 0.241709 41.864 47.8706 0.880989 0.0249527 0.500717 0.631122 0.597086 0.887786 1.98849 0.0135939 34.4592 0.254249 1
212.956 52.6656 -0.581755 3.66094 233.385 29.1868 -0.0930667 0.234374 36.5492 45.0232 1.1447 0.118458 0.540137 0.684715 0.512484 0.866741 2.04543 0.0124392 21.2368 0.271936 1
219.876 49.7867 -0.95756 5.70281 235.991 29.9683 -0.120811 0.446947 29.2633 41.6147 1.55044 0.0584209 0.68185 0.752976 0.47619 0.944757 2.01697 0.01362 26.0043 0.240861 1
200.898 58.736 -0.316994 3.79056 229.448 30.9784 -0.059426 0.103611 48.6834 53.5622 1.1656 0.184912 0.496514 0.663287 0.732136 0.806926 2.09586 0.0111848 35.3969 0.273325 1
214.216 57.1481 -0.674581 3.92665 232.443 31.4922 -0.0320889 0.0693262 35.1368 48.5203 1.34331 0.146083 0.324604 0.613636 0.846154 0.675593 2.09065 0.0097771 50.2135 0.152401 1
206.357 56.6766 -0.470211 2.98812 231.104 31.3171 -0.106788 0.256794 42.9687 49.5676 0.982629 -0.158512 0.786228 0.775795 0.869071 0.969903 2.09875 0.00978714 36.5142 0.233201 1
213.365 55.5558 -0.653537 4.13483 232.463 31.8416 -0.0475625 0.106934 34.9155 47.2681 1.3522 0.275292 0.785183 0.773975 0.643939 0.953496 1.82086 0.024217 50.4402 0.197312 1
229.351 36.4233 -2.29774 9.34735 240.061 25.556 -0.233868 1.03039 20.8855 23.8419 1.07708 -0.384494 0.268939 0.567057 0.203125 0.921422 1.46557 0.0402893 77.8182 0.0722066 0
216.339 50.9829 -0.763579 4.31307 234.939 28.4112 -0.0757625 0.198006 33.8571 42.9899 1.3252 -0.0252205 0.543098 0.808046 0.517241 0.844377 1.88201 0.0186678 41.7299 0.205095 1
229.949 36.6642 -2.91916 12.0968 239.441 28.9654 -0.259451 1.26638 18.5198 21.1764 0.774977 -0.356756 0.153994 0.370272 0.23059 0.811634 1.63469 0.0261708 80.697 0.0419848 0
216.621 52.6644 -0.878571 3.9854 232.858 31.5717 -0.0768485 0.205733 31.5033 42.2238 1.17878 0.0621192 0.766525 0.837728 0.586207 0.961035 1.93231 0.0151098 43.3343 0.176286 1
226.972 37.9664 -2.49782 10.4688 238.772 28.6218 -0.274774 1.32889 21.1448 24.467 1.00918 -0.355475 0.314529 0.555712 0.337064 0.861427 1.48138 0.0369822 60.6923 0.0470552 0
141.677 9.09054 -0.116824 2.43011 218.419 4.12916 -0.075223 0.0770157 111.79 8.9841 -0.232016 0.101685 0.47125 0.630081 0.439024 0.886264 1.51879 0.0340265 53.2174 0.272029 0
200.388 57.058 -0.389178 2.17682 227.743 33.2796 -0.146527 0.320204 46.8723 48.2587 0.634175 -0.078313 0.486769 0.734628 0.440821 0.867586 1.9577 0.0150393 39.2514 0.233194 1
231.379 32.2997 -2.35314 10.0335 241.293 22.3368 -0.305589 1.60923 18.4483 21.1808 1.10167 -0.455205 0.432415 0.63396 0.310811 0.945305 1.12886 0.078125 60 0.0808539 0
189.812 58.2932 -0.322095 1.93117 220.22 36.5488 -0.116681 0.167527 52.8658 48.3303 0.458301 -0.0384349 0.1752 0.406066 0.453896 0.694942 1.97237 0.0136576 77.9597 0.109626 1
209.195 54.4472 -0.681317 3.4113 230.406 33.016 -0.110856 0.252444 38.1996 44.7597 0.973954 0.0623128 0.698685 0.758826 0.557375 0.943906 2.1426 0.0090801 39.674 0.178541 1
223.429 33.4082 -2.59261 12.6273 238.118 25.8275 -0.503601 3.01723 24.2733 21.0421 0.792893 -0.710124 0.189759 0.455723 0.189321 0.913552 1.39416 0.0449827 86.0588 0.130339 0
206.544 52.908 -0.382076 2.50719 232.099 28.0211 -0.105272 0.241826 42.9967 46.3251 0.813424 -0.101349 0.662662 0.739876 0.474424 0.945073 2.06749 0.0120538 27.9847 0.261433 1
206.632 52.9319 -0.358408 3.19286 232.282 27.5138 -0.102481 0.252809 43.6937 46.8894 0.949153 0.0628101 0.647258 0.706733 0.459847 0.94403 2.02113 0.0142888 21.197 0.301738 1
202.724 55.3842 -0.204948 2.03969 231.39 27.2478 -0.0725164 0.139096 46.5191 50.3848 0.671869 -0.0529715 0.479692 0.720631 0.451487 0.858269 2.04363 0.0120289 29.0652 0.258834 1
210.486 57.7837 -0.566407 3.81452 230.816 32.6419 -0.0408292 0.0790846 37.9535 49.1035 1.29431 0.406384 0.763735 0.759196 0.583658 0.957962 2.03369 0.0123734 45.3684 0.209995 1
201.266 60.5374 -0.281276 3.02596 229.866 30.9107 -0.0651143 0.128742 48.7868 55.1844 0.994911 0.0883796 0.607064 0.676488 0.519296 0.895275 2.04208 0.0118471 43.9102 0.209024 1
212.895 57.8245 -0.666682 4.38147 232.263 32.7865 -0.06694 0.176714 37.1605 49.9048 1.41962 0.108941 0.779991 0.722917 0.6 0.956623 2.03071 0.0111169 49.45 0.193123 1
212.057 59.1525 -0.832827 4.02441 230.579 36.6631 -0.0735756 0.188703 35.6658 48.5572 1.26216 0.164729 0.793239 0.770023 0.605263 0.963505 2.09402 0.00933319 46.4781 0.158429 1
137.842 18.0475 0.0691106 3.62883 216.684 6.43635 0.0045865 -0.0056718 115.158 18.2836 0.6967 0.0287789 0.279762 0.415278 0.277778 0.944702 1 0.1 82.4 0.0164869 0
197.998 58.4699 -0.330893 2.32339 227.653 32.9263 -0.132802 0.273832 49.9604 51.441 0.65723 -0.125939 0.517008 0.682201 0.58754 0.845119 2.1316 0.00899985 37.5944 0.239963 1
224.04 37.9429 -0.584802 4.39887 241.293 17.5862 -0.0302549 0.0709582 28.1733 33.5119 1.49777 -0.00697855 0.0820242 0.265645 0.495575 0.543031 1.56648 0.0301769 31.0645 0.247964 0
198.928 58.9152 -0.239023 2.5023 228.856 30.3527 -0.0618592 0.0955065 49.6144 53.2335 0.816505 0.0700925 0.321076 0.594147 0.699969 0.707042 2.06318 0.0103249 41.866 0.200887 1
195.772 42.8245 -0.0978077 1.90028 231.505 17.8983 -0.0301251 0.0401653 54.7228 40.5939 0.376733 -0.111442 0.248392 0.549451 0.179487 0.942804 1.90487 0.0150463 16.1944 0.225305 0
205.392 55.7512 -0.333381 2.76485 230.845 29.4284 -0.0740241 0.145401 43.4038 49.5218 0.923646 0.0265172 0.71423 0.816595 0.540784 0.949086 2.02414 0.0119089 46.3799 0.197393 1
193.35 40.2421 -0.143353 2.66004 230.95 18.0466 -0.0355311 0.0453189 57.45 37.9725 0.753013 0.0880324 0.183442 0.450236 0.15625 0.954078 1.79601 0.0168006 19.0811 0.261901 0
216.773 52.381 -0.851094 4.09777 233.53 31.1306 -0.0800899 0.210953 31.6134 42.5531 1.21782 0.0605289 0.375323 0.6775 0.64 0.718504 1.97298 0.0137351 47.3697 0.180177 1
199.05 44.4241 -0.275093 2.34074 230.725 22.6263 -0.080048 0.136713 50.325 39.056 0.687096 -0.00495317 0.154623 0.462319 0.130435 0.936052 1.5906 0.0272 29.32 0.199109 0
212.165 54.0557 -0.888127 3.7029 230.905 33.8165 -0.0780441 0.177551 34.6185 42.658 1.06505 0.07695 0.735815 0.752404 0.615385 0.942437 1.93155 0.016351 48.4634 0.190286 1
213.429 55.9813 -0.961336 4.23364 229.649 36.411 -0.0638042 0.151474 32.3944 43.8285 1.17701 0.245615 0.755423 0.773333 0.6 0.959433 1.99473 0.0131479 46.2511 0.1563 1
201.806 32.8314 -0.310774 2.84397 232.581 16.6012 -0.112605 0.207361 48.1613 28.9316 0.3989 -0.252661 0.200675 0.506593 0.151899 0.958536 1.42989 0.0429688 11.25 0.298062 0
167.733 46.8998 -0.200631 1.94608 216.133 27.0798 -0.0563974 0.0433314 78.1 40.7753 0.459387 0.0625137 0.330979 0.529156 0.301205 0.929868 1.34242 0.0454545 33 0.188862 0
211.429 56.7371 -1.05123 3.62052 227.561 39.1428 -0.0654193 0.13584 32.5034 41.3317 0.89273 0.18303 0.76496 0.790179 0.583333 0.964987 2.06995 0.0104437 43.372 0.136495 1
216.249 52.9517 -1.07351 4.04655 230.746 34.4043 -0.0499551 0.112761 29.4444 39.5165 1.07652 0.293084 0.794684 0.757652 0.642157 0.957863 2.12702 0.00930727 32.0296 0.226039 1
215.981 53.2438 -0.78381 4.1276 233.435 30.7954 -0.0590158 0.156169 32.5027 44.1411 1.29664 0.14745 0.788171 0.747674 0.606557 0.967026 2.00096 0.0137988 31.0372 0.214245 1
195.534 60.8367 -0.309808 2.3087 224.531 34.8178 -0.0835855 0.13855 50.1644 52.9823 0.702779 0.0451956 0.603169 0.667678 0.615 0.903621 2.04003 0.0130209 31.6705 0.232735 1
190.431 38.8544 0.0147143 1.9538 231.361 13.4457 -0.00552148 0.00314022 61.9306 37.891 0.139731 0.00100349 0.18145 0.319865 0.272727 0.910782 1.77974 0.017531 36.5405 0.181805 0
202.783 58.9988 -0.588493 2.39726 224.316 37.7354 -0.100525 0.178531 41.0073 45.5512 0.671547 0.0965412 0.825313 0.784834 0.855894 0.965048 2.05316 0.0114016 31.3621 0.257838 1
206.097 58.9305 -0.759509 3.03425 224.191 40.1756 -0.0687543 0.109222 35.985 43.6924 0.809744 0.482877 0.415802 0.550343 0.605263 0.814486 2.07064 0.0131904 28.2152 0.247645 1
203.43 57.9193 -0.512093 3.1077 228.266 34.3317 -0.116968 0.283924 44.2393 49.2782 0.910626 0.113719 0.638652 0.739742 0.805388 0.879354 2.03225 0.0129492 29.9778 0.240558 1
211.109 52.3842 -0.370678 3.27509 234.424 26.3988 -0.0894486 0.248543 39.6518 47.0693 1.05512 0.0276966 0.702867 0.699815 0.665512 0.927863 1.91472 0.0205805 23.4798 0.305214 1
209.026 53.7273 -0.277425 2.5484 234.348 24.8839 -0.0625114 0.150702 42.4736 49.1142 0.92353 -0.0677957 0.415809 0.672018 0.62688 0.748673 1.92634 0.0180896 26.8633 0.300364 1
207.747 50.9382 -0.151004 1.95863 235.59 20.8591 -0.0390993 0.0772188 44.4283 47.9077 0.712773 -0.0801573 0.547249 0.700816 0.5312 0.868742 1.90245 0.0236876 20.8448 0.350176 1
162.199 18.2274 0.033606 2.12829 224.486 5.67819 0.0023636 0.000208798 90.9283 18.6153 0.492988 -0.0029945 0.410235 0.667188 0.3125 0.892909 2.04687 0.0103727 13.7987 0.248982 0
224.934 46.8528 -0.428862 5.12643 240.727 20.3153 -0.0310689 0.0876084 28.3725 43.2212 1.79738 0.0630721 0.679568 0.740726 0.492147 0.935637 1.61286 0.0628946 43.8585 0.316858 1
147.69 12.5242 -0.215711 4.32462 219.636 5.60141 -0.123956 0.473427 105.444 12.1237 0.777517 -0.40236 0.356327 0.68 0.36 0.824584 1.88292 0.0161391 49.3878 0.201477 0
219.317 51.9387 -0.872229 4.21136 234.844 30.0236 -0.0620076 0.168691 29.8921 42.6066 1.31728 0.0561538 0.418879 0.748884 0.473381 0.761382 1.6181 0.0861304 40.0923 0.414383 1
139.833 10.441 -0.0122747 5.07338 218.115 4.06681 0.013406 -0.0225577 113.781 10.1522 1.16485 0.367078 0.796068 0.822917 0.666667 0.976379 1.77839 0.0188802 51.125 0.214358 0
221.946 49.799 -0.853946 4.79733 237.069 26.9677 -0.0428249 0.119874 28.9202 41.7577 1.5123 0.10967 0.422731 0.748428 0.45283 0.79171 1.6197 0.0555184 35.4536 0.311391 1
148.875 12.8242 0.00713862 1.65313 220.975 3.83071 0.00173822 0.000832065 104.55 12.9111 0.144852 -0.0132742 0.321793 0.428571 0.411765 0.891175 1.41108 0.0410156 42.875 0.0997227 0
143.969 13.4603 -0.289311 6.41778 218.795 5.97546 -0.0897326 0.250418 109.189 13.0461 1.20298 -0.921312 0.16187 0.463844 0.614719 0.588969 1.6841 0.0232426 54.381 0.113559 0
226.428 43.8249 -0.8925 5.78577 239.88 22.6659 -0.0583121 0.191679 25.5008 37.4844 1.75118 -0.0469577 0.477471 0.745551 0.419048 0.82199 1.56085 0.0838234 26.1637 0.456916 1
208.653 51.368 -0.266996 2.5733 235.042 23.6268 -0.0688551 0.158466 42.7369 47.3423 0.861631 -0.148377 0.43592 0.695559 0.458786 0.788269 1.74813 0.0407335 14.9538 0.422139 1
199.616 55.2128 -0.226596 1.90373 230.017 27.0952 -0.0633858 0.0984421 50.2029 49.1649 0.524179 -0.0152987 0.460872 0.665189 0.473354 0.824876 1.85408 0.0283826 9.41015 0.486466 1
198.589 49.8489 -0.229662 1.82688 229.855 26.1098 -0.111567 0.178351 50.5094 43.8889 0.389378 -0.0846676 0.568308 0.69391 0.499621 0.884521 1.86798 0.0246604 8.44524 0.501771 1
195.497 51.353 -0.177186 1.67814 227.879 27.23 -0.106369 0.139178 52.9556 44.7277 0.249455 -0.0742119 0.450119 0.727354 0.467148 0.813595 1.75025 0.0587228 15.3594 0.517458 1
198.042 52.9628 -0.193294 1.73265 229.055 26.6836 -0.0797543 0.111864 51.5413 46.576 0.383635 -0.0575677 0.550392 0.671214 0.500259 0.849974 1.83463 0.0385707 23.7608 0.449396 1
200.635 55.4852 -0.275472 1.89365 229.025 29.5157 -0.0925284 0.153014 47.9157 48.2042 0.516384 -0.0460206 0.643048 0.694287 0.556372 0.895454 1.80601 0.046378 27.317 0.420419 1
202.365 54.4106 -0.262478 2.43883 231.659 26.4433 -0.069562 0.132507 48.207 49.3037 0.734113 -0.050033 0.517724 0.715742 0.486645 0.841813 1.78192 0.0392908 31.3944 0.358932 1
207.849 50.6975 -0.202105 2.65497 235.591 21.1301 -0.0415557 0.0818366 44.8399 47.4419 0.887659 -0.082338 0.514311 0.741773 0.58306 0.83272 1.70458 0.0491069 32.466 0.353464 1
209.361 53.2199 -0.214016 2.38024 235.25 23.2971 -0.0573824 0.140679 42.67 49.6585 0.907254 -0.134359 0.39585 0.707499 0.372455 0.818016 1.86137 0.0296671 31.5106 0.290479 1
211.718 51.5228 -0.260133 2.91965 236.335 22.5909 -0.0496214 0.112837 40.4474 47.7002 1.03669 -0.0237427 0.420974 0.667913 0.422699 0.811705 1.78213 0.038535 20.5198 0.363843 1
212.086 51.4839 -0.389848 2.55677 234.718 25.0869 -0.0607833 0.127826 38.4333 45.6741 0.937659 -0.0983067 0.638376 0.734905 0.459781 0.931562 1.53676 0.095743 20.6947 0.552178 1
209.792 48.6655 -0.161811 2.07211 236.2 19.0318 -0.0226918 0.0355646 42.9446 45.5218 0.737731 -0.045954 0.509931 0.654298 0.443491 0.888 1.80315 0.0340854 22.8353 0.346273 1
207.212 43.1189 -0.390266 3.37927 234.779 20.4328 -0.097434 0.239513 43.6442 39.4496 0.948019 -0.380267 0.332672 0.540356 0.395349 0.815815 1.71709 0.0208117 62.9677 0.127456 0
212.697 51.9476 -0.313522 2.82322 235.61 23.6989 -0.0413267 0.0901092 38.7038 47.3716 1.06845 -0.0460817 0.51294 0.730327 0.443392 0.87315 1.64742 0.0597697 33.8117 0.365847 1
240.809 24.9486 -0.561233 13.3707 247.411 8.94257 -0.018612 0.0792595 13.3816 23.5887 3.27683 -0.026208 0.215989 0.706 0.25 0.710196 0.669476 0.491593 25.7691 0.76999 0
196.084 52.9074 -0.165783 2.02728 229.647 24.9899 -0.0560173 0.080718 53.5805 48.7083 0.492888 -0.078045 0.169584 0.471904 0.478094 0.600098 2.07226 0.0149817 33.0556 0.27351 1
242.135 22.195 -1.37654 21.6423 247.621 9.94707 -0.168677 1.43784 11.806 19.801 3.82448 -0.205922 0.293665 0.629128 0.391133 0.726079 0.73379 0.401553 25.2188 0.72371 0
197.445 56.0633 -0.129918 1.98637 229.474 25.7403 -0.034413 0.0458236 52.064 52.0424 0.612085 -0.0201705 0.117087 0.427597 0.448766 0.539704 1.87899 0.0254996 37.7975 0.277145 1
207.885 50.8356 -0.183392 2.63552 235.233 21.527 -0.0414683 0.0820881 44.0964 47.6506 0.887675 -0.0245868 0.509591 0.683425 0.595741 0.82782 1.63323 0.0806765 34.5675 0.450421 1
204.429 54.4267 -0.215712 3.00536 232.811 25.0894 -0.0535435 0.115949 46.5768 50.4966 0.955446 0.0516425 0.513299 0.695759 0.527297 0.853047 1.96987 0.0227869 31.8639 0.295834 1
193.565 62.5476 -0.246336 3.15369 224.843 34.3179 -0.0756934 0.146067 55.4834 55.9587 0.910764 0.330401 0.100688 0.376508 0.61102 0.507149 2.03205 0.0112135 47.5575 0.193053 1
196.801 54.5561 -0.166099 2.74622 229.832 26.7284 -0.084072 0.163118 53.74 50.3835 0.702363 -0.0196463 0.22101 0.454291 0.528129 0.709468 2.0441 0.0118133 25.4379 0.305833 1
191.724 58.9401 -0.239455 3.08076 225.689 32.1295 -0.0909329 0.152075 57.3415 53.0267 0.791199 0.19122 0.283578 0.485891 0.534964 0.74853 1.85776 0.0267376 36.7795 0.282036 1
189.234 57.3923 -0.16047 2.0155 223.128 31.0389 -0.0514034 0.0542359 56.4851 51.0249 0.498446 0.0219445 0.249122 0.392798 0.475759 0.824252 1.92675 0.0139711 47.2821 0.190045 1
185.93 55.2977 -0.142934 2.96994 223.33 30.6105 -0.0971979 0.140397 61.1814 50.6132 0.609981 0.168735 0.288942 0.499284 0.775161 0.690156 2.12839 0.00910783 39.699 0.223109 1
207.668 57.4676 -0.552687 2.77196 228.358 32.8916 -0.0419046 0.0659368 38.6491 47.235 0.919906 0.152621 0.425623 0.537255 0.709958 0.8672 1.89948 0.0185828 35.1538 0.234355 1
202.383 52.0979 -0.339475 3.39191 228.736 29.4132 -0.0739055 0.111012 44.0303 45.7047 0.986656 0.316355 0.260829 0.585344 0.779384 0.62563 2.10422 0.00998405 26.7156 0.283918 1
205.545 59.8087 -0.425652 4.60907 229.412 33.8886 -0.0656184 0.13291 43.5728 52.8184 1.388 0.671964 0.405503 0.640951 0.739926 0.755325 1.91809 0.0173197 36.8939 0.237041 1
212.274 54.429 -0.740557 4.0832 230.542 32.7497 -0.0622654 0.13854 34.8554 44.3962 1.21777 0.3738 0.80749 0.766927 0.666667 0.963684 2.11412 0.00911304 45.1207 0.162882 1
212.951 55.2956 -0.902026 3.97283 230.816 34.7308 -0.0645703 0.155086 33.7674 43.7754 1.16241 0.207455 0.702367 0.70182 0.686441 0.918227 2.05055 0.0114355 40.6763 0.191772 1
162.885 59.4079 -0.109234 2.45347 203.678 41.5789 -0.110051 0.0183798 73.8087 51.2088 0.335348 0.144346 0.31096 0.398059 0.635852 0.84039 1.81376 0.0162963 68.6667 0.162277 1
156.862 60.6082 -0.0295664 2.30146 204.513 39.4065 -0.101945 0.0417603 82.2321 56.7318 0.177264 -0.0355358 0.142781 0.311417 0.849628 0.607341 1.8564 0.0152606 48.963 0.177142 1
202.155 59.8812 -0.258019 3.03877 228.996 30.5466 -0.0513444 0.0900698 46.5888 54.4311 0.997237 0.119309 0.721126 0.738331 0.792613 0.919242 2.17324 0.00828791 34.6275 0.19365 1
202.902 54.5199 -0.291232 2.26098 230.904 28.1677 -0.0801747 0.154672 45.8998 48.6854 0.737396 -0.0667621 0.542815 0.728518 0.625697 0.838931 1.95268 0.014799 35.7867 0.215927 1
202.861 60.7523 -0.484255 3.09808 226.174 35.5361 -0.035668 0.0651002 42.847 51.6413 1.07802 0.265956 0.276546 0.486984 0.741038 0.713771 2.03775 0.0111089 55.6831 0.138095 1
201.06 54.3567 -0.382285 2.99263 228.179 31.3662 -0.150948 0.345988 46.8907 46.8865 0.778472 0.094558 0.647881 0.690505 0.520676 0.945935 1.99166 0.0174315 24.3955 0.285116 1
205.159 61.982 -0.419847 3.97777 228.549 35.713 -0.0643038 0.13946 43.0156 55.1787 1.30422 0.303432 0.768463 0.714943 0.737534 0.957645 1.94831 0.0167697 29.9964 0.263425 1
204.033 54.9092 -0.458016 2.90662 228.525 32.5386 -0.104289 0.239493 42.6139 46.0703 0.843571 0.226287 0.791069 0.80513 0.633142 0.96958 1.97826 0.014864 38.952 0.226471 1
199.143 57.899 -0.276928 2.63514 226.12 33.3297 -0.0863935 0.150619 46.3802 50.8018 0.806543 0.168659 0.465241 0.646481 0.660774 0.805777 2.01658 0.0132968 35.6227 0.212332 1
197.904 56.4755 -0.226355 2.20592 227.327 30.2174 -0.0697676 0.102435 49.2707 50.0604 0.659776 0.0507922 0.715416 0.768743 0.557436 0.961355 2.04189 0.0117083 42.8577 0.23475 1
209.418 57.2957 -0.719503 3.60381 228.775 35.1129 -0.0514924 0.103255 36.7164 46.9684 1.13892 0.158004 0.761138 0.760196 0.552995 0.96812 2.12826 0.00875322 44.3063 0.14723 1
203.748 58.6697 -0.386818 3.89665 228.826 33.6423 -0.0925305 0.211352 44.4736 52.2094 1.18018 0.359803 0.776512 0.800296 0.63114 0.973563 2.00877 0.0120886 49.2742 0.161234 1
213.308 56.2673 -0.709514 3.78309 232.272 32.2001 -0.0516269 0.113535 35.6076 46.9605 1.26195 0.160345 0.658482 0.744332 0.609137 0.892268 2.09549 0.00964877 45.7008 0.175032 1
197.595 58.5297 -0.22141 2.41361 228.018 30.6944 -0.0821374 0.128496 51.3526 52.1628 0.706614 0.103811 0.494501 0.780415 0.690728 0.831884 2.08815 0.00995465 44.1571 0.19585 1
130.554 41.5846 -0.997293 5.89452 205.018 37.1212 -0.100209 0.308778 120.232 37.1383 1.40618 0.31963 0.255319 0.405556 0.277778 0.914491 1.26093 0.0625 84.6667 0.0731913 0
215.517 52.0747 -0.801432 4.21219 233.467 30.7888 -0.0627507 0.148716 32.7664 42.8462 1.29734 0.22095 0.805284 0.861607 0.583333 0.98104 1.98845 0.0126665 48.6895 0.14025 1
211.394 56.9546 -0.708032 3.91218 230.016 34.5113 -0.0584357 0.155105 35.2554 47.3345 1.28052 0.304917 0.722601 0.818966 0.482759 0.968435 2.02589 0.0118013 46.0871 0.160867 1
217.452 51.0746 -0.837509 4.99221 233.815 30.5513 -0.0652138 0.178158 30.0893 42.5135 1.50045 0.415369 0.461625 0.658889 0.72 0.785058 2.02409 0.0120321 32.3373 0.225497 1
212.294 55.0836 -0.700815 3.61686 231.166 31.6697 -0.045757 0.101604 35.6006 45.3392 1.1576 0.199404 0.291557 0.618244 0.541177 0.65708 1.97586 0.0145573 32.0042 0.207691 1
208.498 55.7357 -0.426329 3.77844 232.184 30.3293 -0.0939887 0.234917 40.8978 49.7294 1.19222 0.0982805 0.716424 0.723104 0.545034 0.950294 1.92116 0.0174499 26.9129 0.276 1
212.211 55.3466 -0.670337 3.15685 230.006 32.5673 -0.0409169 0.0789668 34.5328 44.6453 1.05982 0.26831 0.317049 0.646368 0.692308 0.658482 1.9469 0.0179636 34.3713 0.235157 1
213.81 53.2677 -0.889462 3.90341 229.311 35.1931 -0.0816679 0.181352 30.8957 40.3412 1.09836 0.662565 0.763256 0.839583 0.533333 0.975218 2.0088 0.0128045 45.2226 0.203227 1
201.97 57.6976 -0.373915 2.76281 228.039 32.0552 -0.0734654 0.125246 45.628 49.9783 0.884316 0.137997 0.778114 0.753286 0.602765 0.964168 2.13145 0.00918507 46.0647 0.214214 1
193.457 66.5014 -0.35031 2.95321 222.164 39.5654 -0.0697217 0.120751 53.0284 58.4091 0.945128 0.250092 0.247286 0.510699 0.421053 0.719033 2.19376 0.00764386 46.415 0.203454 1
145.838 22.7438 -0.0881435 5.10751 219.279 9.10696 -0.0274197 0.0349104 107.265 22.392 1.10075 0.100669 0.414731 0.574554 0.35 0.944554 1.63496 0.0244083 55.2692 0.0910423 0
209.562 62.2715 -0.713342 3.57716 229.104 37.1612 -0.0590791 0.12717 39.0521 51.5381 1.18145 0.18295 0.550007 0.752174 0.575 0.828134 2.02031 0.0129956 47.5385 0.166719 1
212.274 54.429 -0.740557 4.0832 230.542 32.7497 -0.0622654 0.13854 34.8554 44.3962 1.21777 0.3738 0.80749 0.766927 0.666667 0.963684 2.11412 0.00911304 45.1207 0.162882 1
212.951 55.2956 -0.902026 3.97283 230.816 34.7308 -0.0645703 0.155086 33.7674 43.7754 1.16241 0.207455 0.702367 0.70182 0.686441 0.918227 2.05055 0.0114355 40.6763 0.191772 1
162.885 59.4079 -0.109234 2.45347 203.678 41.5789 -0.110051 0.0183798 73.8087 51.2088 0.335348 0.144346 0.31096 0.398059 0.635852 0.84039 1.81376 0.0162963 68.6667 0.162277 1
156.862 60.6082 -0.0295664 2.30146 204.513 39.4065 -0.101945 0.0417603 82.2321 56.7318 0.177264 -0.0355358 0.142781 0.311417 0.849628 0.607341 1.8564 0.0152606 48.963 0.177142 1
202.155 59.8812 -0.258019 3.03877 228.996 30.5466 -0.0513444 0.0900698 46.5888 54.4311 0.997237 0.119309 0.721126 0.738331 0.792613 0.919242 2.17324 0.00828791 34.6275 0.19365 1
202.902 54.5199 -0.291232 2.26098 230.904 28.1677 -0.0801747 0.154672 45.8998 48.6854 0.737396 -0.0667621 0.542815 0.728518 0.625697 0.838931 1.95268 0.014799 35.7867 0.215927 1
202.861 60.7523 -0.484255 3.09808 226.174 35.5361 -0.035668 0.0651002 42.847 51.6413 1.07802 0.265956 0.276546 0.486984 0.741038 0.713771 2.03775 0.0111089 55.6831 0.138095 1
201.06 54.3567 -0.382285 2.99263 228.179 31.3662 -0.150948 0.345988 46.8907 46.8865 0.778472 0.094558 0.647881 0.690505 0.520676 0.945935 1.99166 0.0174315 24.3955 0.285116 1
205.159 61.982 -0.419847 3.97777 228.549 35.713 -0.0643038 0.13946 43.0156 55.1787 1.30422 0.303432 0.768463 0.714943 0.737534 0.957645 1.94831 0.0167697 29.9964 0.263425 1
204.033 54.9092 -0.458016 2.90662 228.525 32.5386 -0.104289 0.239493 42.6139 46.0703 0.843571 0.226287 0.791069 0.80513 0.633142 0.96958 1.97826 0.014864 38.952 0.226471 1212.274 54.429 -0.740557 4.0832 230.542 32.7497 -0.0622654 0.13854 34.8554 44.3962 1.21777 0.3738 0.80749 0.766927 0.666667 0.963684 2.11412 0.00911304 45.1207 0.162882 1
212.951 55.2956 -0.902026 3.97283 230.816 34.7308 -0.0645703 0.155086 33.7674 43.7754 1.16241 0.207455 0.702367 0.70182 0.686441 0.918227 2.05055 0.0114355 40.6763 0.191772 1
162.885 59.4079 -0.109234 2.45347 203.678 41.5789 -0.110051 0.0183798 73.8087 51.2088 0.335348 0.144346 0.31096 0.398059 0.635852 0.84039 1.81376 0.0162963 68.6667 0.162277 1
156.862 60.6082 -0.0295664 2.30146 204.513 39.4065 -0.101945 0.0417603 82.2321 56.7318 0.177264 -0.0355358 0.142781 0.311417 0.849628 0.607341 1.8564 0.0152606 48.963 0.177142 1
202.155 59.8812 -0.258019 3.03877 228.996 30.5466 -0.0513444 0.0900698 46.5888 54.4311 0.997237 0.119309 0.721126 0.738331 0.792613 0.919242 2.17324 0.00828791 34.6275 0.19365 1
202.902 54.5199 -0.291232 2.26098 230.904 28.1677 -0.0801747 0.154672 45.8998 48.6854 0.737396 -0.0667621 0.542815 0.728518 0.625697 0.838931 1.95268 0.014799 35.7867 0.215927 1
202.861 60.7523 -0.484255 3.09808 226.174 35.5361 -0.035668 0.0651002 42.847 51.6413 1.07802 0.265956 0.276546 0.486984 0.741038 0.713771 2.03775 0.0111089 55.6831 0.138095 1
201.06 54.3567 -0.382285 2.99263 228.179 31.3662 -0.150948 0.345988 46.8907 46.8865 0.778472 0.094558 0.647881 0.690505 0.520676 0.945935 1.99166 0.0174315 24.3955 0.285116 1
205.159 61.982 -0.419847 3.97777 228.549 35.713 -0.0643038 0.13946 43.0156 55.1787 1.30422 0.303432 0.768463 0.714943 0.737534 0.957645 1.94831 0.0167697 29.9964 0.263425 1
204.033 54.9092 -0.458016 2.90662 228.525 32.5386 -0.104289 0.239493 42.6139 46.0703 0.843571 0.226287 0.791069 0.80513 0.633142 0.96958 1.97826 0.014864 38.952 0.226471 1
199.143 57.899 -0.276928 2.63514 226.12 33.3297 -0.0863935 0.150619 46.3802 50.8018 0.806543 0.168659 0.465241 0.646481 0.660774 0.805777 2.01658 0.0132968 35.6227 0.212332 1
197.904 56.4755 -0.226355 2.20592 227.327 30.2174 -0.0697676 0.102435 49.2707 50.0604 0.659776 0.0507922 0.715416 0.768743 0.557436 0.961355 2.04189 0.0117083 42.8577 0.23475 1
209.418 57.2957 -0.719503 3.60381 228.775 35.1129 -0.0514924 0.103255 36.7164 46.9684 1.13892 0.158004 0.761138 0.760196 0.552995 0.96812 2.12826 0.00875322 44.3063 0.14723 1
203.748 58.6697 -0.386818 3.89665 228.826 33.6423 -0.0925305 0.211352 44.4736 52.2094 1.18018 0.359803 0.776512 0.800296 0.63114 0.973563 2.00877 0.0120886 49.2742 0.161234 1
213.308 56.2673 -0.709514 3.78309 232.272 32.2001 -0.0516269 0.113535 35.6076 46.9605 1.26195 0.160345 0.658482 0.744332 0.609137 0.892268 2.09549 0.00964877 45.7008 0.175032 1
197.595 58.5297 -0.22141 2.41361 228.018 30.6944 -0.0821374 0.128496 51.3526 52.1628 0.706614 0.103811 0.494501 0.780415 0.690728 0.831884 2.08815 0.00995465 44.1571 0.19585 1
130.554 41.5846 -0.997293 5.89452 205.018 37.1212 -0.100209 0.308778 120.232 37.1383 1.40618 0.31963 0.255319 0.405556 0.277778 0.914491 1.26093 0.0625 84.6667 0.0731913 0
215.517 52.0747 -0.801432 4.21219 233.467 30.7888 -0.0627507 0.148716 32.7664 42.8462 1.29734 0.22095 0.805284 0.861607 0.583333 0.98104 1.98845 0.0126665 48.6895 0.14025 1
211.394 56.9546 -0.708032 3.91218 230.016 34.5113 -0.0584357 0.155105 35.2554 47.3345 1.28052 0.304917 0.722601 0.818966 0.482759 0.968435 2.02589 0.0118013 46.0871 0.160867 1
217.452 51.0746 -0.837509 4.99221 233.815 30.5513 -0.0652138 0.178158 30.0893 42.5135 1.50045 0.415369 0.461625 0.658889 0.72 0.785058 2.02409 0.0120321 32.3373 0.225497 1
212.294 55.0836 -0.700815 3.61686 231.166 31.6697 -0.045757 0.101604 35.6006 45.3392 1.1576 0.199404 0.291557 0.618244 0.541177 0.65708 1.97586 0.0145573 32.0042 0.207691 1
208.498 55.7357 -0.426329 3.77844 232.184 30.3293 -0.0939887 0.234917 40.8978 49.7294 1.19222 0.0982805 0.716424 0.723104 0.545034 0.950294 1.92116 0.0174499 26.9129 0.276 1
212.211 55.3466 -0.670337 3.15685 230.006 32.5673 -0.0409169 0.0789668 34.5328 44.6453 1.05982 0.26831 0.317049 0.646368 0.692308 0.658482 1.9469 0.0179636 34.3713 0.235157 1
213.81 53.2677 -0.889462 3.90341 229.311 35.1931 -0.0816679 0.181352 30.8957 40.3412 1.09836 0.662565 0.763256 0.839583 0.533333 0.975218 2.0088 0.0128045 45.2226 0.203227 1
201.97 57.6976 -0.373915 2.76281 228.039 32.0552 -0.0734654 0.125246 45.628 49.9783 0.884316 0.137997 0.778114 0.753286 0.602765 0.964168 2.13145 0.00918507 46.0647 0.214214 1
193.457 66.5014 -0.35031 2.95321 222.164 39.5654 -0.0697217 0.120751 53.0284 58.4091 0.945128 0.250092 0.247286 0.510699 0.421053 0.719033 2.19376 0.00764386 46.415 0.203454 1
209.562 62.2715 -0.713342 3.57716 229.104 37.1612 -0.0590791 0.12717 39.0521 51.5381 1.18145 0.18295 0.550007 0.752174 0.575 0.828134 2.02031 0.0129956 47.5385 0.166719 1
145.838 22.7438 -0.0881435 5.10751 219.279 9.10696 -0.0274197 0.0349104 107.265 22.392 1.10075 0.100669 0.414731 0.574554 0.35 0.944554 1.63496 0.0244083 55.2692 0.0910423 0
210.019 54.2692 -0.722743 4.39516 231.453 32.7231 -0.142941 0.384819 39.1946 45.3923 1.18755 0.183678 0.610096 0.709212 0.45835 0.933103 2.05076 0.0120454 24.2252 0.260402 1
206.688 57.6453 -0.404681 4.52902 229.697 33.0607 -0.0922948 0.225021 41.6719 50.9224 1.31412 0.668755 0.426988 0.635737 0.602104 0.76648 1.98301 0.0148424 22.4637 0.264598 1
201.57 53.6009 -0.323959 2.77407 230.285 27.8735 -0.0871734 0.170495 47.9688 47.5522 0.80619 -0.0406526 0.731023 0.734691 0.638481 0.960853 2.08123 0.0107212 30.0125 0.263934 1
204.355 55.8534 -0.31341 2.32889 229.586 30.3674 -0.0838452 0.165734 43.1454 48.699 0.798752 0.0490064 0.579914 0.737372 0.520254 0.880746 2.10375 0.00983965 39.8706 0.186333 1
214.943 54.4875 -0.873669 3.50553 230.36 34.1412 -0.0459337 0.0896627 31.3399 41.4661 1.02305 0.333341 0.647018 0.759569 0.863636 0.865642 2.00252 0.0130926 29.5492 0.266102 1
203.441 61.7831 -0.437823 4.16704 226.295 36.7546 -0.0520751 0.0782984 43.3788 53.0729 1.2697 0.841439 0.783529 0.757941 0.800439 0.945236 2.13627 0.0101454 33.6133 0.206707 1
202.987 52.4676 -0.221179 2.73212 230.359 28.7036 -0.110724 0.216143 44.0328 47.422 0.787154 0.138769 0.72298 0.774442 0.714901 0.940534 1.9204 0.020293 32.7594 0.280679 1
175.625 53.7992 -0.142508 2.36061 214.611 35.6449 -0.145505 0.12344 65.0636 47.285 0.349495 -0.00916967 0.219229 0.344534 0.611778 0.78008 2.04607 0.01018 38.7379 0.260799 1
212.619 52.3621 -0.671438 3.44823 231.279 30.9284 -0.0646055 0.144791 34.2064 42.6039 1.09987 0.309155 0.247007 0.59465 0.666667 0.615097 1.93833 0.0169674 38.8408 0.216616 1
214.555 55.462 -0.716535 4.32363 231.756 33.174 -0.066142 0.156274 33.0127 46.1947 1.34811 0.476919 0.73203 0.796875 0.571429 0.946424 2.01983 0.0116631 44.6489 0.186988 1
212.197 57.31 -0.681141 3.79111 230.905 33.7066 -0.0567406 0.135045 35.8005 47.7235 1.22462 0.228895 0.486913 0.711656 0.537954 0.811499 2.03703 0.0116845 45.0929 0.163649 1
140.397 11.6348 -0.0371336 2.71491 216.449 5.17055 -0.0152744 0.0224995 111.872 11.3401 0.131974 -0.184036 0.278696 0.498361 0.273256 0.901702 1.6687 0.0217014 65 0.0917605 0
197.584 58.5302 -0.193002 2.49094 228.187 29.9523 -0.0749448 0.122964 51.4232 53.3311 0.751044 0.0500978 0.532756 0.688165 0.569049 0.852015 1.9833 0.0143787 39.9423 0.235202 1
214.306 56.1391 -0.690517 4.43351 232.52 32.0514 -0.0500535 0.121591 34.9653 47.5438 1.42792 0.334588 0.828714 0.766797 0.658228 0.970844 2.09903 0.00998341 46.5714 0.194526 1
200.445 56.3901 -0.304668 2.56475 229.239 29.5171 -0.0787077 0.137768 48.9472 49.9924 0.775248 -0.0184232 0.724947 0.692989 0.568485 0.952646 2.05863 0.0118749 48.4979 0.228331 1
199.034 60.9984 -0.31286 3.12794 227.631 34.3341 -0.100435 0.230544 49.4271 54.7258 0.968484 0.171807 0.75021 0.755095 0.752439 0.946262 2.11228 0.00947112 39.9707 0.161397 1
213.093 36.9266 -0.331361 2.89693 236.372 19.5912 -0.108553 0.285512 36.0233 32.284 0.947739 0.336941 0.196763 0.402961 0.210526 0.919316 1.30495 0.0520833 71.9167 0.121589 0
202.966 58.5087 -0.542642 3.06032 225.369 35.8514 -0.0461956 0.0615178 41.9085 47.058 0.943644 0.549739 0.571693 0.688235 0.68 0.843985 2.15071 0.00869501 34.2759 0.201125 1
198.677 46.2053 -0.714966 2.67802 225.194 33.4861 -0.197391 0.323936 43.7742 33.6382 0.48088 0.107562 0.205051 0.45395 0.183544 0.948406 0.60206 0.25 122 0.00839877 0
193.345 43.5362 -0.222914 3.04651 227.552 21.8247 -0.0461621 0.033691 54.3103 38.4798 0.630233 0.219552 0.16518 0.408274 0.157895 0.941882 1.32235 0.0502959 29.4615 0.099692 0
193.261 62.8186 -0.241813 2.58964 224.083 34.8603 -0.0771457 0.133359 53.9151 55.8543 0.740756 0.220558 0.453908 0.715461 0.59375 0.788091 2.07314 0.0113304 28.7769 0.255663 1
200.795 59.6632 -0.325772 3.21589 227.338 33.4039 -0.0988302 0.215728 47.9929 51.9324 0.918879 0.469279 0.429999 0.626536 0.594595 0.807532 2.14504 0.00952399 26.7283 0.255296 1
208.841 57.1384 -0.428354 3.42617 231.606 30.476 -0.0672405 0.166053 40.8686 50.3135 1.14184 0.178146 0.448305 0.663377 0.631579 0.812007 1.94265 0.0217422 28.5222 0.307617 1
210.787 53.9781 -0.308871 3.37205 233.827 26.504 -0.055573 0.126795 39.4184 48.9996 1.13687 0.176636 0.587012 0.726888 0.72092 0.840788 1.50703 0.124888 30.6163 0.488058 1
176.312 48.9015 -0.0536328 2.47469 222.216 24.7369 -0.097358 0.124988 72.2785 45.957 0.0839544 -0.0341388 0.279846 0.416206 0.780663 0.710506 2.13403 0.008685 45.9142 0.25196 1
196.273 42.8318 0.0178099 1.61689 231.818 15.7123 -0.0200047 0.0199531 55.0606 40.8389 0.13334 0.0168594 0.687331 0.727381 0.535714 0.963464 0.30103 0.5 100 0.00990099 0
188.629 55.5811 -0.0445611 1.82371 228.633 23.2319 -0.0490341 0.0791961 62.624 53.4104 0.254982 -0.0788743 0.183258 0.519744 0.538507 0.572906 1.95328 0.0198186 31.0023 0.327088 1
223.944 40.983 -1.54644 7.08932 237.732 27.3346 -0.219265 0.955811 24.2254 30.4604 1.44698 0.54819 0.414638 0.483753 0.543873 0.911032 1.6024 0.0258264 51.3636 0.159041 0
179.541 52.2756 -0.0241772 2.01635 225.777 22.4729 -0.052383 0.0609186 71.3252 49.9761 -0.00419955 -0.0613427 0.202546 0.437163 0.459358 0.704597 1.88454 0.0269716 24.8852 0.312232 1
208.716 39.4631 -0.858079 3.65004 233.209 25.7639 -0.323759 1.04976 39.3284 30.3804 0.68445 -0.258611 0.157212 0.411809 0.165803 0.916636 1.78592 0.0177515 21.4872 0.201846 0
207.144 51.7466 -0.134263 2.1762 235.454 20.6139 -0.0324879 0.060813 45.2546 49.1799 0.756408 -0.0795745 0.547772 0.680289 0.530933 0.859423 1.61455 0.0850054 23.5837 0.442424 1
218.693 33.7313 -0.750554 5.88617 238.011 17.7588 -0.0957143 0.295636 31.2159 28.5838 1.31756 -0.133108 0.0881743 0.215563 0.465909 0.636409 1.79601 0.0168006 36.8649 0.165059 0
211.057 49.5217 -0.168979 2.70395 237.019 19.619 -0.0316658 0.0666827 41.8752 46.8238 0.929551 -0.0407597 0.490768 0.720551 0.551464 0.813264 1.66607 0.078438 22.4447 0.489787 1
215.983 39.2912 -0.926441 4.61242 235.942 23.3065 -0.178208 0.53824 32.8678 31.4501 1.09072 0.047547 0.111471 0.250232 0.708122 0.646142 1.79205 0.0175 38.575 0.176069 0
204.344 50.3376 -0.224544 1.90672 233.205 23.0207 -0.053817 0.0801676 46.6252 45.6327 0.555748 -0.110119 0.574882 0.695329 0.503259 0.873214 1.66183 0.0540561 11.0817 0.518433 1
220.798 38.0309 -1.2807 5.48417 237.062 23.9637 -0.256415 1.00991 28.4729 28.5185 1.01574 -0.406713 0.165365 0.295081 0.459042 0.773113 1.8172 0.0164954 47.8372 0.149695 0
177.77 61.4909 -0.0378223 1.33721 206.068 45.9585 -0.173477 0.0947281 54.5875 42.5428 0.0193145 0.0743637 0.403051 0.653841 0.654079 0.73117 1.75151 0.0499964 8.40896 0.569895 1
198.75 54.3759 -0.27854 1.89408 228.115 30.4958 -0.137289 0.271523 49.0737 46.6265 0.501613 0.0297073 0.571602 0.688515 0.559676 0.867135 1.64629 0.0819771 20.2386 0.521407 1
212.259 51.7779 -0.303774 2.39808 235.898 23.3247 -0.0506526 0.103292 39.6639 47.0701 0.931848 -0.0799466 0.579317 0.759284 0.506974 0.899423 1.45978 0.107788 31.0931 0.465641 1
222.256 48.3683 -0.38584 4.52338 239.532 21.3103 -0.0365713 0.102209 30.2831 44.7778 1.63719 -0.0250729 0.543978 0.775338 0.413313 0.892996 1.4238 0.138575 38.7979 0.470066 1
217.851 50.7455 -0.376927 3.17409 237.539 23.5136 -0.0562368 0.1492 33.8224 46.2729 1.23016 -0.124599 0.396011 0.764927 0.378965 0.802017 1.59964 0.0773028 35.639 0.381033 1
211.354 52.7166 -0.14505 2.55875 236.949 20.6085 -0.0279217 0.0572877 41.2673 50.4176 0.986521 -0.0599736 0.535912 0.731367 0.438975 0.873877 1.60774 0.0996322 28.1472 0.470131 1
207.403 55.1304 -0.254633 2.13612 233.462 25.6421 -0.0487661 0.100981 43.2925 50.2068 0.809141 -0.0641555 0.297403 0.683893 0.404573 0.715835 1.74077 0.0510359 32.8553 0.34771 1
213.205 53.3304 -0.566511 2.98663 233.683 28.7094 -0.0603456 0.131783 36.5452 45.4953 1.05072 -0.022783 0.475201 0.742649 0.406327 0.864127 1.77488 0.035254 30.9166 0.3004 1
183.395 59.2767 -0.195386 1.60192 216.015 36.5191 -0.0869427 0.101502 58.5865 47.8146 0.192156 -0.0088468 0.233308 0.395734 0.371953 0.853199 2.09843 0.0102001 52.4651 0.124643 1
191.45 58.7306 -0.335756 1.88323 221.253 35.0408 -0.0736254 0.117441 53.2961 48.5574 0.470871 -0.0220908 0.0681776 0.341562 0.390625 0.488168 1.95619 0.0174792 35.8931 0.20942 1
218.06 48.9551 -0.320599 3.86525 237.962 21.9496 -0.0460548 0.12259 33.4487 45.3989 1.38269 -0.000602655 0.665167 0.764557 0.490017 0.94546 1.44668 0.12107 40.4739 0.479266 1
202.751 55.2796 -0.371356 2.51314 229.89 29.572 -0.0829233 0.145829 46.3277 48.033 0.75257 -0.0111443 0.196591 0.539478 0.667634 0.577003 1.91041 0.0284863 30.0628 0.325296 1
209.227 52.3608 -0.41902 3.62198 233.33 26.9621 -0.0670198 0.137083 40.7907 46.4839 1.13903 0.166418 0.66983 0.682719 0.611638 0.894463 1.95492 0.0189036 21.9987 0.300471 1
210.85 50.1366 -0.449527 4.89089 234.445 26.9049 -0.125961 0.379665 39.8688 44.9428 1.35866 0.346963 0.708439 0.721342 0.508113 0.954354 1.98857 0.0170991 21.1071 0.330129 1
240.648 25.1508 -0.762688 15.5268 247.236 9.82876 -0.0482414 0.268915 13.2854 23.3859 3.42723 0.0350815 0.295251 0.650052 0.25 0.826253 0.788287 0.403716 32.2107 0.723302 0
210.949 51.5551 -0.515761 4.31139 234.031 28.2659 -0.121618 0.343651 39.1589 45.7729 1.25585 0.0208544 0.745169 0.717802 0.824387 0.954747 1.97498 0.0153387 26.7211 0.243419 1
239.907 25.7516 -0.422325 12.7869 247.124 9.16126 -0.0263291 0.137504 13.9172 24.4646 3.17082 0.548502 0.215712 0.553832 0.439209 0.655427 0.927868 0.315719 33.5097 0.68665 0
206.183 51.2437 -0.410651 3.29525 232.409 26.8005 -0.112964 0.263113 44.5017 44.8369 0.929099 0.105711 0.707892 0.691272 0.792583 0.917343 2.12389 0.0100581 26.4988 0.263986 1
196.01 59.9382 -0.293062 3.57657 226.31 35.0802 -0.115679 0.236039 51.7744 53.8373 0.984202 0.374367 0.7388 0.772805 0.711013 0.948392 1.98706 0.0156503 28.3841 0.248406 1
204.605 52.1618 -0.459929 2.86646 229.857 29.8458 -0.116111 0.229599 42.9114 44.4053 0.787008 -0.0652732 0.730234 0.740177 0.781328 0.919408 2.01106 0.0131209 35.9021 0.221306 1
178.584 65.1608 -0.18153 2.71593 214.188 41.2485 -0.0957105 0.168173 64.0842 58.5347 0.728551 0.325434 0.104973 0.282013 0.81932 0.546958 1.79499 0.0180165 52.6909 0.136103 1
217.395 52.8705 -0.917 5.13625 233.783 30.946 -0.0319265 0.0883846 31.6084 43.8693 1.56063 0.211622 0.540695 0.680473 1 0.813695 1.87782 0.0173529 40.4185 0.218371 1
197.628 62.7639 -0.391781 4.20128 225.223 38.5666 -0.102374 0.225785 50.2686 55.8298 1.24734 0.502071 0.664925 0.708019 0.630362 0.905686 2.03499 0.0128788 33.9928 0.262666 1
205.36 56.1831 -0.63564 4.7899 228.534 35.4641 -0.162637 0.516291 42.8714 47.7509 1.27838 0.565517 0.57953 0.685221 0.646063 0.900124 2.06506 0.0113592 36.1535 0.241612 1
195.885 56.3447 -0.573671 2.97468 224.428 37.1407 -0.2124 0.43896 49.9941 45.6053 0.633509 -0.0414718 0.309983 0.611431 0.590826 0.745664 2.02606 0.0118226 36.8791 0.228969 1
209.584 56.4201 -1.147 4.57206 225.412 41.3298 -0.0899301 0.192215 33.276 40.2908 1.00186 0.787978 0.845504 0.770588 0.882353 0.970105 1.98655 0.0134291 40.1635 0.212315 1
201.608 59.6755 -0.790635 2.82586 220.319 44.1089 -0.109276 0.195167 36.8017 42.759 0.685679 0.337296 0.788913 0.761111 0.962963 0.949965 2.11278 0.00921641 41.9811 0.18762 1
236.657 32.2525 -0.407276 10.4335 246.105 12.2587 -0.0708964 0.402823 17.2096 30.909 2.8271 -0.480422 0.497891 0.632606 0.710345 0.841205 0.969895 0.282778 28.0321 0.620437 0
203.098 58.376 -0.374525 3.07511 226.364 35.9524 -0.120814 0.261245 41.2327 49.2147 1.01793 0.657732 0.700737 0.696023 0.727273 0.941396 2.09043 0.00959708 45.8883 0.191082 1
237.728 28.2547 -1.0037 10.0538 245.914 12.9858 -0.116908 0.599079 15.2248 25.1128 2.58393 -0.284455 0.282253 0.654762 0.595238 0.651844 0.739955 0.449825 26.2633 0.743468 0
223.351 49.505 -0.0607784 6.1609 242.341 15.0738 0.00120491 -0.00136385 31.4244 48.7499 2.04348 0.128936 0.352821 0.588542 0.888889 0.735741 1.89329 0.0148507 48.9825 0.169081 1
234.975 33.407 -1.8048 12.2864 243.404 19.9043 -0.201465 1.08051 17.4091 26.5535 2.36332 0.712176 0.254933 0.451075 0.653846 0.697094 1.63916 0.0374657 38.3333 0.325381 0
226.519 40.8444 -0.151605 5.10638 243.224 13.061 0.000222642 -0.000683805 27.9938 39.3412 1.77317 0.203084 0.522773 0.678571 0.952381 0.84433 1.75989 0.0247128 40.8657 0.185212 1
189.886 43.2389 0.00219343 1.66238 230.523 15.8766 -0.00873169 0.00543359 61.6591 41.9621 0.184972 0.0180711 0.335239 0.419448 0.392523 0.930396 1.30103 0.05 73.3 0.090628 0
225.725 43.5721 -0.144974 5.24833 243.256 13.7213 -0.000159303 -0.000232931 29.457 42.1801 1.83561 0.144046 0.412163 0.658667 0.912 0.73412 1.65721 0.0370514 37.5614 0.23055 1
219.68 48.6106 -0.0693544 3.86429 241.198 14.745 -0.000420216 0.000663856 34.9667 47.6228 1.44475 0.0725558 0.519907 0.65155 0.770229 0.832174 1.72018 0.0359056 36.6092 0.297866 1
221.526 50.8494 -0.446301 5.7201 238.71 23.3818 -0.0248531 0.0766325 30.6059 46.5763 1.91098 0.291694 0.77272 0.773352 0.797688 0.925323 1.9399 0.018982 38.6897 0.227598 1
222.699 47.4249 -0.387711 4.72169 240.497 20.1808 -0.0742872 0.267865 31.613 43.9433 1.57865 -0.0512235 0.566763 0.733137 0.775829 0.8507 1.51635 0.096227 31.5482 0.444786 1
210.51 55.1436 -0.570641 3.06664 231.304 32.0811 -0.114073 0.268348 38.0371 45.5953 0.963101 0.224682 0.620813 0.707407 0.756395 0.865912 1.94232 0.0189509 27.7187 0.283542 1
229.377 37.1911 -0.251917 5.93901 243.717 13.2476 -0.00468229 0.0114277 24.6367 35.3528 1.97589 0.242304 0.577476 0.724887 0.523077 0.870727 1.71016 0.0319801 25.8556 0.330192 1
228.162 41.1935 -0.0788682 4.95424 243.941 12.6868 0.000197176 5.74777e-05 26.0506 40.443 1.82389 0.0964406 0.38815 0.655726 0.534319 0.747619 1.40329 0.110974 25.0491 0.487531 1
210.932 49.2479 -1.50709 4.64762 228.797 37.6472 -0.0986743 0.1734 33.1017 31.5287 0.689514 0.179066 0.385158 0.716667 0.208333 0.969494 0 0 0 0 0
208.61 48.2478 -0.0880081 2.12979 236.821 17.5605 -0.0232526 0.0459498 44.6559 46.2817 0.681627 -0.0414874 0.529352 0.716769 0.533208 0.84093 1.8804 0.0245907 18.268 0.339828 1
220.766 42.2921 -1.41921 3.92201 233.351 31.6555 -0.123741 0.29847 23.4026 25.0082 0.4937 0.0712837 0.273018 0.603021 0.170404 0.961194 0 0 0 0 0
219.678 51.2272 -0.597069 4.4674 236.995 26.5897 -0.0539649 0.167177 30.8537 45.3223 1.57399 0.0482823 0.392544 0.689292 0.379673 0.8156 1.82092 0.0228109 43.7808 0.209255 1
229.212 31.0442 -2.44851 8.78541 238.576 24.141 -0.0856748 0.1527 16.7576 17.0063 0.647523 0.0887281 0.441848 0.479615 0.52 0.900287 0.90309 0.125 61 0.0248734 0
218.839 49.6942 -0.590305 4.22579 236.934 25.6745 -0.0698839 0.223592 31.8189 43.8955 1.44649 -0.0873972 0.473766 0.752084 0.371353 0.862079 1.81903 0.0277828 41.5169 0.262386 1
218.885 49.7923 -0.422351 4.27674 237.279 23.9259 -0.0446363 0.125377 31.9152 45.374 1.53443 0.0442181 0.184762 0.627634 0.351911 0.606509 1.71193 0.0348977 43.2739 0.239213 1
222.148 47.0765 -0.364432 4.881 239.703 20.7455 -0.0476421 0.173043 30.0517 43.7202 1.71918 0.0619865 0.172923 0.628448 0.344828 0.586012 1.80097 0.0319362 41.1773 0.247679 1
209.459 51.9868 -1.37097 3.62747 225.486 41.5273 -0.0755719 0.125222 30.8919 30.0403 0.429872 0.0960649 0.431887 0.625 0.3125 0.931963 0 0 0 0 0
219.08 46.7642 -0.270246 3.795 238.918 20.1829 -0.0560117 0.184011 32.9049 43.5314 1.43618 0.151854 0.126015 0.333592 0.292999 0.725042 1.8541 0.017277 49.4216 0.17961 1
227.081 41.9746 -0.249935 5.44024 242.076 16.341 -0.00903234 0.0252481 25.5818 39.7656 1.92787 0.286414 0.374429 0.692797 0.338983 0.822158 1.56831 0.0785528 41.6667 0.397011 1
227.185 44.6195 -0.431082 7.60988 242.077 19.5306 -0.0712384 0.27977 26.7153 41.8667 2.20817 -0.0125904 0.195708 0.648847 0.34349 0.623902 1.61682 0.0513573 37.8241 0.30884 1
232.132 37.404 -0.1312 8.10343 245.014 11.6248 0.00201743 -0.00295726 22.8166 36.496 2.46952 0.241524 0.572646 0.737354 0.466667 0.904349 1.58429 0.0525831 46.8275 0.299313 1
132.955 3.77163 0.45711 2.97235 214.955 2.16327 -0.106022 -0.0409593 119.727 3.47957 -0.511975 -0.554925 0.365602 0.595238 0.428571 0.851839 0.60206 0.25 53 0.0253283 0
147.298 16.825 0.0567323 3.39532 219.214 5.49255 0.00140569 -0.00165985 105.397 16.91 0.650975 0.109293 0.547259 0.675 0.625 0.887589 1.87189 0.0152663 64.2769 0.129402 0
223.435 47.1243 -0.233374 4.69324 241.311 17.6558 -0.013226 0.0310726 30.5653 44.9594 1.70531 0.0219278 0.293282 0.688338 0.372549 0.718771 1.72213 0.0378019 47.5649 0.269383 1
222.6 44.3188 -1.90559 6.83416 236.76 31.8198 -0.16493 0.516377 25.64 30.2111 0.987982 -0.318882 0.323679 0.430769 0.384615 0.923093 0 0 0 0 0
135.159 6.5676 -0.241552 3.12905 216.037 2.49607 -0.0359703 0.035132 117.793 7.03604 -0.138911 -0.095146 0.473484 0.735294 0.294118 0.965048 1.20041 0.0731272 80.8966 0.171819 0
225.291 47.6254 -0.304875 5.99858 241.305 19.0708 -0.0276797 0.0864332 28.337 45.0468 2.00571 0.152395 0.467076 0.714267 0.381057 0.852928 1.65098 0.0403251 47.9609 0.233546 1
220.221 46.341 -0.270675 3.48115 239.927 18.2623 -0.0290342 0.0716129 33.4023 43.1972 1.3225 0.0171036 0.617386 0.721508 0.541039 0.889694 1.80194 0.0298671 27.9713 0.301134 1
220.986 45.6093 -0.0992676 2.92019 241.668 14.2937 -0.00502511 0.0157777 33.8299 44.25 1.26382 0.0449438 0.361603 0.644145 0.400922 0.779453 1.49525 0.0697598 20.3904 0.402275 1
209.255 50.7503 -0.317324 2.31245 234.793 24.3351 -0.0870469 0.193604 42.2978 45.2222 0.793885 -0.064905 0.386188 0.615074 0.412911 0.814068 1.87867 0.0287254 18.9589 0.380043 1
220.292 51.3316 -0.847163 4.72099 236.18 28.9243 -0.0818855 0.258125 30.495 42.9967 1.45071 0.0921337 0.562383 0.779939 0.403509 0.907024 1.66931 0.0427139 39.894 0.296328 1
136.779 8.35514 -0.0775358 2.58526 217.195 3.49411 -0.022179 0.0135474 116.701 8.04301 0.119975 0.05649 0.378767 0.53986 0.33996 0.9173 1.79088 0.0180211 38.697 0.162443 0
220.235 49.7669 -0.598529 4.41528 237.203 25.5768 -0.0612041 0.175554 30.7629 43.4002 1.50935 0.263065 0.523858 0.750425 0.375 0.902699 1.71341 0.0505086 43.7024 0.313704 1
228.661 41.0444 -0.109421 6.66277 244.044 12.9094 0.000630839 -0.000456901 25.7993 40.1892 2.18266 0.135388 0.424464 0.725067 0.396226 0.815553 1.63976 0.0422701 39.0189 0.289992 1
138.164 7.60714 -0.00128696 2.12052 217.134 3.04148 -0.0128325 0.0187869 114.925 7.69631 0.565588 0.0243415 0.481008 0.625 0.4 0.925098 1.39583 0.0451389 91.5 0.100552 0
229.004 41.174 -0.112681 6.96206 244.109 12.626 0.000867791 -0.00184801 25.7896 40.2112 2.18421 0.214698 0.319745 0.672642 0.377358 0.739674 1.6973 0.0329434 36.8724 0.259468 1
137.862 9.99945 0.0385652 3.14633 217.699 3.478 0.000885237 0.000740235 115.683 10.1054 0.43425 -0.0154352 0.391497 0.589151 0.286307 0.936551 1.6502 0.0247813 53.2449 0.100185 0
233.971 35.1718 -0.11419 9.00524 245.468 11.2363 -0.000605317 0.00181606 20.0069 34.416 2.57542 0.299752 0.479757 0.735665 0.38454 0.87765 1.31153 0.156095 40.2991 0.512432 1
224.64 38.8508 -0.131539 4.29541 242.985 12.4396 0.000473296 -0.00105106 29.739 37.421 1.56183 0.174717 0.188629 0.458116 0.652017 0.624545 1.78663 0.0225454 37.7543 0.232326 1
158.973 36.259 0.0287133 1.9436 223 10.9269 0.00163274 -0.000413734 93.6301 36.9314 0.363689 0.0124634 0.28124 0.690048 0.166885 0.976957 0 0 0 0 1
202.903 43.7677 -3.78585e-05 1.99179 236.493 13.8543 -0.00116336 0.00142543 50.793 42.7267 0.517903 0.0575069 0.258401 0.477187 0.311463 0.878406 1.82578 0.0189745 43.8701 0.129251 1
189.698 44.9233 0.0570386 2.49692 230.979 14.8668 0.00224069 -0.00149615 61.5312 44.7246 0.677889 0.0518806 0.242323 0.416733 0.316477 0.896381 1.66217 0.0237812 52.1034 0.165842 1
212.774 47.156 0.000737663 2.77693 239.182 14.8608 0.000508305 -8.60639e-05 40.1912 46.8425 1.10814 0.0452899 0.144266 0.330143 0.261071 0.80305 2.00779 0.0116835 51.0229 0.118204 1
203.054 45.8723 -0.0134533 1.99852 236.172 14.3628 -0.000277635 9.88333e-05 50.3251 44.9166 0.605349 0.0322439 0.274386 0.410759 0.769766 0.824292 1.80757 0.0192693 45.4478 0.163652 1
220.798 43.8567 -0.0858017 3.52901 241.692 13.1811 0.000112664 -0.000114102 34.1034 42.69 1.39169 0.0782461 0.227519 0.496568 0.240214 0.869962 1.891 0.0164743 54.9267 0.149466 1
209.05 49.6077 -0.000562749 2.3419 238.409 15.0711 5.23231e-05 -9.53117e-05 44.4659 49.3709 0.906569 0.0309752 0.165113 0.467035 0.210282 0.789055 1.90804 0.015918 58.9625 0.21463 1
232.435 34.4273 -0.160478 6.91762 245.211 10.9604 0.000571572 -0.000889119 22.0151 33.436 2.26799 0.194216 0.176914 0.515351 0.44212 0.626879 1.62689 0.0462472 38.7335 0.297978 1
219.213 47.4236 -0.188765 5.2051 239.915 17.611 -0.019045 0.0444683 34.387 45.2809 1.64531 0.181987 0.619817 0.683621 0.630075 0.866716 1.7593 0.0331179 28.4648 0.290449 1
218.72 48.9698 -0.0880085 4.63891 240.488 15.6271 -0.000984852 0.00177274 35.8873 47.6268 1.58857 0.164836 0.379081 0.645338 0.638559 0.734769 1.79209 0.0276606 30.3185 0.288783 1
224.705 47.1491 -0.378449 5.50565 241.09 19.6131 -0.023441 0.0667147 28.5926 44.0671 1.88105 0.0159989 0.514729 0.695465 0.442424 0.895889 1.81998 0.0235826 41.9684 0.235173 1
146.256 8.59355 0.13842 5.00809 219.195 3.0099 0.0129088 -0.010563 106.585 8.90047 1.11984 0.109498 0.552815 0.703297 0.538462 0.89486 1.54363 0.0328707 48.2973 0.186295 0
218.657 52.9042 -0.428691 4.52805 237.778 24.9549 -0.0376238 0.10059 33.1123 48.6116 1.61462 -0.0237707 0.157008 0.544685 0.384679 0.586984 1.60312 0.0586564 34.1103 0.339393 1
141.648 9.47933 -0.039481 2.69188 218.574 3.65453 -0.00313358 0.0166071 111.778 9.46077 0.468148 -0.155176 0.35596 0.480769 0.461538 0.888647 1.23296 0.0619835 77.3636 0.0918514 0
193.201 61.2632 -0.194926 2.32716 225.9 31.5942 -0.0612169 0.11923 55.1921 56.0273 0.719689 0.0182675 0.220411 0.323846 0.530244 0.799901 1.95574 0.0126561 64.2564 0.11095 1
185.626 59.0383 -0.134151 1.99657 224.197 28.7174 -0.0474073 0.0581917 63.9796 53.7404 0.435311 -0.0155567 0.120978 0.245031 0.287671 0.841478 1.72354 0.0200617 59.5833 0.065606 1
218.004 48.0606 -0.37219 4.47523 238.216 22.013 -0.0531244 0.17059 33.9258 44.1512 1.5072 0.0774 0.141539 0.447433 0.494048 0.55241 1.89665 0.0191838 32.268 0.26203 1
216.866 46.4902 -0.0798443 3.01217 240.519 14.0234 -0.000500964 0.00102728 38.4092 45.0497 1.13239 0.084517 0.416363 0.686774 0.491551 0.777613 1.80211 0.0253806 18.2329 0.332676 1
215.227 46.0174 -0.0340197 2.47069 239.957 13.8336 6.95891e-05 9.9239e-05 38.9389 45.1371 0.96901 0.0555702 0.461241 0.674454 0.429297 0.873275 1.66495 0.0387306 22.0886 0.349069 1
206.706 54.3335 -0.259087 2.53393 233.485 25.0143 -0.0506209 0.112967 44.9896 49.6292 0.896124 -0.035148 0.0901881 0.338343 0.354839 0.550579 1.89739 0.0183156 42.7446 0.161416 1
170.601 55.2355 -0.0730359 1.91033 216.104 30.4252 -0.0969425 0.129604 75.0672 50.7469 0.104564 -0.0954666 0.149134 0.300558 0.553257 0.732834 1.73 0.0220026 100.768 0.152589 1
168.709 43.8996 -0.0541943 2.11911 218.621 22.1699 -0.0827206 0.119214 78.7094 42.0052 -0.0930659 -0.0913324 0.237865 0.525344 0.211569 0.94245 1.19967 0.0714286 121.571 0.0156903 1
160.812 50.0887 -0.183384 2.75254 208.875 32.2579 -0.137318 0.114211 82.125 44.1099 0.192809 -0.0188752 0.185206 0.454893 0.179012 0.929867 1.18062 0.07 129 0.0565815 1
194.74 54.9198 -0.081216 1.66572 229.727 23.8296 -0.0515244 0.0933576 56.1359 51.5444 0.389505 -0.059372 0.129936 0.333196 0.28099 0.779725 2.11551 0.00961538 33.7808 0.221468 1
220.699 48.8908 -0.410711 4.18669 239.047 21.7026 -0.0426628 0.123689 32.3353 44.7515 1.51345 -0.0277281 0.262843 0.650882 0.30579 0.732583 1.80564 0.0268065 41.5746 0.250168 1
213.255 51.1733 -0.16739 2.64498 237.255 20.7606 -0.0303452 0.0710266 38.9288 48.5712 1.05999 -0.046852 0.494071 0.696297 0.329649 0.928055 1.83969 0.0266322 38.0841 0.25539 1
148.678 14.1043 0.0888525 2.45807 220.407 4.27891 0.00299289 -0.000449361 104.407 14.7753 0.38111 0.052307 0.592248 0.706349 0.777778 0.863297 1.5799 0.033284 75 0.160413 0
213.328 51.2536 -0.323633 3.41288 235.804 23.887 -0.0566335 0.169549 38.1536 47.105 1.22768 -0.0402794 0.100592 0.507512 0.333819 0.48808 1.87851 0.0196763 34.213 0.240312 1
199.61 57.9466 -0.188827 2.02184 229.564 28.043 -0.0569767 0.114596 49.7386 53.7163 0.695039 -0.107495 0.185257 0.400893 0.303402 0.776602 1.74353 0.0289259 59.6942 0.171763 1
211.693 54.7535 -0.320014 3.15893 234.729 26.037 -0.0485784 0.122693 39.4042 50.4139 1.17629 -0.0691887 0.219016 0.403079 0.585394 0.678972 1.67876 0.0577799 44.5938 0.34257 1
181.529 57.041 -0.11902 1.85386 221.595 29.7612 -0.0889713 0.169478 66.2484 52.29 0.324115 -0.0897019 0.15993 0.257757 0.498309 0.679211 1.84535 0.015858 72.7536 0.0977305 1
166.743 55.8555 -0.0413447 1.75455 213.262 31.62 -0.0829873 0.0682304 78.0891 50.0078 0.0389538 -0.0505881 0.159309 0.368316 0.538221 0.821692 1.51693 0.0357143 117.107 0.0330413 1
151.801 39.2274 0.000659612 3.39362 211.422 21.4409 -0.132869 0.012813 94.9668 37.6636 -0.760522 0.0191009 0.145891 0.434451 0.122972 0.955552 1.03748 0.1 156.4 0.00678843 1
182.107 57.9261 -0.0647207 1.66852 222.07 28.0091 -0.0607843 0.0997557 65.7222 54.6 0.235603 -0.107539 0.145585 0.405533 0.163868 0.908843 1.51165 0.0362426 123.269 0.0107487 1
207.656 51.9918 -0.249175 2.33153 234.199 24.1601 -0.057572 0.128784 43.4416 47.8448 0.845159 -0.11273 0.299069 0.525286 0.281751 0.908822 1.96349 0.0155536 48.3075 0.185594 1
199.888 55.0847 -0.203656 2.38395 230.968 26.6622 -0.0671414 0.147641 49.9892 51.3318 0.781841 -0.104271 0.231581 0.492452 0.255832 0.849826 1.99265 0.0122992 59.2684 0.143283 1
178.762 55.9087 -0.0697105 1.79942 221.744 27.7976 -0.0749415 0.0959686 70.0893 51.2935 0.127149 -0.0882177 0.135966 0.264357 0.386627 0.771049 1.91723 0.0161649 64.6977 0.200241 1
173.89 51.6822 -0.0577091 1.84505 218.922 26.8839 -0.080503 0.122513 72.5307 48.4977 0.151642 -0.107572 0.0733182 0.219403 0.271564 0.737866 1.67506 0.024811 92.3696 0.0796278 1
179.548 56.2234 -0.0546318 1.84205 219.657 28.779 -0.0565926 0.0887104 66.4587 52.7327 0.276106 -0.096123 0.12614 0.319154 0.183698 0.886337 1.64762 0.0248 115.02 0.0539927 1
193.797 59.0359 -0.191706 1.89846 226.902 29.3167 -0.064528 0.116845 55.7266 53.6737 0.536674 -0.114332 0.206661 0.467235 0.200633 0.892606 2.10941 0.00868056 60.1071 0.11885 1
203.049 58.3337 -0.288398 2.37178 230 29.2794 -0.071231 0.175537 46.7282 52.6226 0.822658 -0.0881563 0.212483 0.506414 0.332247 0.74858 1.63726 0.0713169 48.4966 0.371967 1
183.63 54.3585 -0.127948 1.94402 222.292 28.9519 -0.103674 0.178853 63.6006 49.3318 0.292535 -0.106318 0.109129 0.246714 0.448415 0.64611 1.97148 0.013234 54.8416 0.196712 1
164.009 54.4445 -0.0497985 1.82602 211.906 30.4288 -0.0941814 0.109041 79.9489 51.1039 -0.1039 -0.127012 0.146573 0.312351 0.221753 0.871909 1.56806 0.0318878 108.393 0.0588348 1
215.105 52.9045 -0.432195 3.78186 235.421 26.0432 -0.0537922 0.144912 35.8235 47.7487 1.33016 -0.0282183 0.253125 0.574437 0.370441 0.70842 1.88965 0.0222617 45.4366 0.23309 1
179.531 36.9857 0.0252422 2.40445 229.593 10.7448 0.00138644 0.000165915 73.1049 37.9352 0.304336 -0.00868128 0.410025 0.48951 0.763044 0.821298 1.81605 0.0174684 37.0164 0.0793238 0
226.414 45.741 -0.608194 6.29543 240.764 21.6241 -0.0428756 0.137351 25.8436 41.5943 2.01167 -0.0535712 0.315664 0.658279 0.636364 0.651376 1.6051 0.0717669 41.5824 0.377896 1
212.081 50.7146 -0.218763 3.03065 236.556 21.2535 -0.0348826 0.0759337 40.2518 47.5839 1.09809 -0.0535001 0.53271 0.700481 0.660998 0.833935 1.76577 0.0430439 33.8828 0.386686 1
210.825 51.9918 -0.359739 3.7462 235.189 24.9152 -0.0782521 0.193424 41.3718 47.2429 1.15236 0.0327539 0.687373 0.735088 0.496563 0.949313 1.99121 0.014626 25.6747 0.260881 1
233.602 34.2961 -1.05864 12.1393 244.529 16.5305 -0.142874 0.769582 20.6269 30.3665 2.63229 -0.268608 0.19949 0.499048 0.42 0.6744 1.45956 0.0823212 41.8153 0.347059 0
208.485 51.1383 -0.323209 3.04306 234.306 24.3162 -0.062049 0.133949 42.4862 46.4653 0.976401 -0.0734633 0.635835 0.703271 0.468871 0.916188 2.02264 0.0140095 23.3547 0.263012 1
239.256 27.4688 -0.481147 10.7126 246.854 10.0916 -0.0532675 0.326755 14.737 25.9906 2.90162 -0.0143023 0.237848 0.715619 0.238095 0.733372 0.733343 0.46029 26.055 0.759543 0
219.155 50.6818 -0.526232 5.28421 236.755 25.5251 -0.0408645 0.0983199 31.6798 45.0075 1.65825 0.507389 0.757785 0.719224 0.773552 0.956766 1.89525 0.0200887 30.9325 0.276818 1
212.283 51.6058 -0.571395 4.29302 233.538 27.9848 -0.0728207 0.152338 37.4668 44.5339 1.27191 0.287025 0.629455 0.755682 0.576009 0.898412 1.99246 0.0155908 38.0885 0.260786 1
206.657 52.7117 -0.350526 3.80533 232.361 27.1229 -0.0644008 0.127065 43.0496 47.2869 1.16086 0.282513 0.641341 0.764315 0.697289 0.887915 2.02757 0.0129239 34.2627 0.240214 1
204.03 54.7271 -0.237444 2.10197 230.425 27.8734 -0.0696766 0.123068 44.8861 48.5916 0.698805 0.000279869 0.418977 0.737238 0.421871 0.801292 2.00279 0.0133458 34.5567 0.244228 1
205.249 55.373 -0.315342 2.57865 230.829 28.2736 -0.0601332 0.112474 43.4883 49.1837 0.887836 0.0538293 0.568388 0.725585 0.589243 0.863417 2.03336 0.0118342 48.4543 0.195799 1
209.057 55.0085 -0.405229 3.65841 231.884 29.9889 -0.0711502 0.164195 39.4755 48.6374 1.18756 0.261699 0.596144 0.712851 0.414754 0.94642 1.9763 0.015247 45.4264 0.213423 1
212.587 55.5612 -0.464928 4.45547 234.183 28.7974 -0.0680444 0.169396 38.3285 49.6966 1.43338 0.222 0.715991 0.754236 0.652037 0.928625 1.93244 0.0207726 39.2225 0.212936 1
207.961 59.3887 -0.385912 4.20047 232.176 31.2594 -0.0621099 0.135383 42.6062 53.7473 1.34918 0.256614 0.592687 0.711987 0.59589 0.865168 1.91768 0.0195679 37.9454 0.232626 1
202.02 56.1318 -0.362032 2.33221 229.376 30.3177 -0.0950202 0.179791 46.8996 48.4553 0.715376 -0.0465583 0.697542 0.720538 0.541879 0.9544 2.03381 0.0118595 39.3563 0.219284 1
215.009 54.7456 -0.708405 4.2765 232.736 31.7461 -0.0483993 0.148178 32.7631 46.4624 1.40498 0.197307 0.704405 0.765589 0.495614 0.958497 1.96429 0.0135996 41.3956 0.151858 1
217.402 55.3274 -0.781537 4.75263 233.342 32.0815 -0.0461012 0.150974 31.2265 46.733 1.52807 0.327375 0.685481 0.809659 0.484848 0.94846 1.91101 0.016868 43.4082 0.187559 1
145.959 15.0658 0.0722053 4.88447 219.408 5.59124 0.00771096 -0.0153327 106.98 15.347 0.638783 0.125885 0.323042 0.43976 0.416107 0.879719 1.25527 0.0555556 52.7778 0.0725522 0
205.444 57.9742 -0.435449 3.26303 230.013 31.7911 -0.0603658 0.122334 43.1379 51.0637 1.11321 0.0687178 0.0980834 0.374812 0.462644 0.506111 1.88722 0.0174858 45.9457 0.152445 1
139.974 7.35714 -0.117751 2.34394 218.077 2.81374 -0.00701309 0.000672736 113.385 7.77443 -0.006442 -0.000439506 0.344388 0.628205 0.230769 0.948172 0.778151 0.166667 79 0.0256404 0
210.4 55.7196 -0.795492 4.66257 227.842 34.9836 -0.0317087 0.0600653 35.825 45.1091 1.35409 0.556462 0.255132 0.370334 0.434506 0.809481 1.70501 0.0214844 48.8125 0.117664 1
159.188 63.1327 -0.0532792 2.05259 200.703 40.936 -0.0442831 0.0373228 77.2178 55.9442 0.352163 0.135578 0.231878 0.454157 0.283832 0.870215 1.43698 0.0377778 68.6667 0.0308849 1
188.267 62.8804 -0.249937 2.27745 218.41 37.209 -0.0277697 0.0552932 53.3238 55.8262 0.820413 0.117956 0.173163 0.320525 0.26069 0.890216 1.7192 0.0211203 71.2121 0.154123 1
175.948 55.2533 -0.0919074 2.26972 207.818 36.827 0.00573113 -0.0367927 57.5714 47.2667 0.577231 0.273609 0.127037 0.211494 0.517241 0.75685 1.34242 0.0454545 80.0909 0.0295804 1
200.968 60.8577 -0.398341 2.91525 226.164 34.9644 -0.0466373 0.0814366 45.2315 52.678 0.973709 0.180763 0.248002 0.455263 0.394737 0.764487 2.06451 0.0100577 51.0994 0.158417 1
211.065 57.5944 -0.630453 3.48987 231.688 32.92 -0.0646083 0.155215 37.9347 48.8831 1.19035 0.0728605 0.19878 0.487719 0.394737 0.680768 2.08827 0.00985267 51.2551 0.144127 1
192.717 60.9994 -0.309142 2.36267 221.019 36.212 -0.0411849 0.0768669 50.2305 53.0424 0.798047 0.0953112 0.0965246 0.351808 0.435185 0.540133 1.89084 0.0153035 57.0926 0.127947 1
167.149 59.4435 -0.0358824 2.04422 206.154 37.9248 -0.0582705 0.0265732 69.4574 53.1101 0.290867 0.0634902 0.0908892 0.24746 0.346194 0.706508 1.66659 0.0240816 78.4857 0.170693 1
191.575 61.4782 -0.321318 2.12355 220.105 36.3992 -0.0645642 0.116482 52.195 51.7265 0.606364 0.0241126 0.404807 0.533078 0.397835 0.933977 1.98996 0.0123356 45.4095 0.193305 1
210.766 56.7842 -0.713769 3.54122 229.769 34.3447 -0.0487715 0.108054 35.4202 46.4657 1.12138 0.185423 0.538117 0.677365 0.432432 0.888532 2.04852 0.0111716 43.873 0.152938 1
204.095 60.5925 -0.466599 3.10877 225.206 36.5656 -0.0348902 0.0840357 39.9079 51.1126 1.04071 0.39532 0.203557 0.485902 0.589474 0.622279 1.8877 0.0167098 48.4294 0.186947 1
173.686 58.8778 -0.122653 1.97277 210.16 37.1336 -0.0761566 0.0496186 65.6701 49.5442 0.285941 0.0434685 0.259225 0.346484 0.534275 0.853654 1.71958 0.0207612 88.8235 0.036267 1
207.508 58.5318 -0.87671 3.1745 226.492 38.6612 -0.0541221 0.100581 37.5525 44.2206 0.879753 0.149749 0.76246 0.717676 0.553191 0.957182 2.00256 0.0128804 47.9313 0.174333 1
210.383 36.6035 -1.31557 5.35871 233.309 25.0543 -0.251058 0.707609 36.716 26.9234 0.765903 -0.413226 0.124649 0.195969 0.353383 0.87179 0.30103 0.5 100 0.00990099 0
207.852 55.4937 -0.68431 4.17279 229.744 34.164 -0.129652 0.359432 40.1874 46.6797 1.17865 0.216265 0.762343 0.784038 0.697836 0.952771 2.02713 0.0135406 36.6283 0.218705 1
204.44 54.9745 -0.458885 3.02526 229.313 32.233 -0.131744 0.32025 42.6727 47.3878 0.892203 0.0226933 0.633197 0.77539 0.440011 0.948967 1.97071 0.0152067 40.8262 0.233302 1
191.276 47.9673 -0.142635 5.88403 229.526 24.1729 -0.120843 0.337466 60.1316 46.352 1.29813 0.10987 0.188031 0.402098 0.194845 0.922083 1.46888 0.0360111 37.1053 0.227381 0
209.49 50.8549 -0.356053 2.38924 233.715 25.8582 -0.0922214 0.214341 40.582 44.8212 0.800824 -0.120975 0.676674 0.730328 0.465739 0.957082 2.08224 0.0102743 30.3121 0.217164 1
234.309 31.7776 -1.02751 8.09171 244.704 15.3697 -0.146298 0.674335 19.8488 27.4437 2.13188 -0.266486 0.371982 0.54329 0.477273 0.82465 1.26908 0.0854001 58.0063 0.280853 0
218.875 50.1703 -1.07863 5.0404 234.553 31.4377 -0.0868466 0.254395 29.0449 39.6843 1.34128 0.288066 0.431544 0.678266 0.439623 0.811549 2.00587 0.0132829 24.1507 0.274749 1
227.889 37.541 -0.245614 4.22725 243.383 12.1944 -0.00213239 0.00449214 27.664 35.193 1.61073 0.227386 0.130566 0.414825 0.42522 0.560555 1.52856 0.0525373 48 0.236081 0
219.843 47.0826 -1.14699 4.3105 234.754 29.3977 -0.0972765 0.277093 28.8336 35.2479 1.05182 0.00623497 0.567303 0.684948 0.361111 0.953997 2.07713 0.0105927 27.9793 0.261394 1
216.049 48.8123 -0.563607 4.05775 235.44 26.1542 -0.0874667 0.238466 33.9116 42.0336 1.25724 0.331431 0.659795 0.71891 0.488429 0.960302 2.05439 0.0119956 23.138 0.278844 1
205.761 55.0053 -0.526913 4.13629 230.318 32.3579 -0.124376 0.311882 43.175 47.6772 1.17902 0.235623 0.54159 0.696884 0.779234 0.835018 2.0743 0.0118077 26.6237 0.267262 1
206.528 57.0133 -0.631092 4.34652 227.843 36.0148 -0.0846921 0.174071 39.8336 47.3917 1.24279 0.713408 0.727914 0.731053 0.791311 0.914286 2.00663 0.0187126 28.0467 0.307101 1
203.316 55.5925 -0.648214 2.79779 223.778 39.0394 -0.13393 0.208652 37.6598 42.2285 0.731194 0.342488 0.809661 0.775367 0.874812 0.956561 2.07107 0.0116226 37.2178 0.214053 1
201.968 56.8059 -0.446287 3.92049 226.942 34.5396 -0.100042 0.204834 44.378 48.8558 1.12357 0.573137 0.716905 0.729393 0.689555 0.905638 2.15068 0.0102907 27.9716 0.272403 1
203.929 52.9291 -0.510554 2.71856 226.931 33.8226 -0.138271 0.243824 40.7704 42.7281 0.73714 0.156854 0.728051 0.724412 0.664592 0.93833 2.03701 0.0155822 26.8977 0.298734 1
199.321 55.5841 -0.455557 2.60882 222.236 39.5846 -0.183572 0.312414 39.8858 44.535 0.673183 0.264061 0.489811 0.730211 0.6137 0.803027 2.00151 0.0146001 39.2854 0.263424 1
191.333 58.2946 -0.275447 2.36475 222.091 36.6446 -0.139855 0.195432 52.8135 49.9047 0.58426 0.0941549 0.263714 0.547414 0.738393 0.651144 2.0405 0.0118912 28.9354 0.244299 1
201.669 59.4072 -0.409359 3.50885 226.023 36.4257 -0.084874 0.141541 43.5583 51.314 1.06441 0.461813 0.799114 0.747186 0.685079 0.964935 2.03657 0.0126591 46.713 0.206035 1
205.819 57.2479 -0.624791 3.66239 227.709 36.0362 -0.0984643 0.186879 40.0495 47.4044 1.08869 0.329417 0.785962 0.754407 0.653815 0.957615 2.03711 0.0118051 44.7764 0.205114 1
211.331 56.6245 -0.584356 4.56268 231.64 32.0385 -0.0489711 0.10941 37.4121 48.9457 1.45915 0.459314 0.846957 0.753571 0.952381 0.966914 2.01227 0.0116027 46.3554 0.169184 1
207.722 56.4041 -0.321963 3.30955 232.549 28.5269 -0.0580167 0.117534 42.1629 51.2584 1.17008 0.0783753 0.785447 0.732679 0.649189 0.962512 2.00303 0.0145256 42.4291 0.232013 1
216.128 56.158 -0.878357 4.54939 232.979 32.984 -0.0485823 0.112422 33.4691 46.5014 1.42881 0.117406 0.658573 0.753524 0.778443 0.857459 2.01619 0.0122177 47.7925 0.177896 1
219.209 32.077 -0.545787 4.13726 239.279 15.4969 -0.162609 0.58702 32.814 28.0595 0.972788 -0.635281 0.168129 0.387974 0.21645 0.860024 0 0 0 0 0
199.943 63.0114 -0.330831 3.19146 227.437 35.1051 -0.0693999 0.123913 47.9381 56.2009 1.03386 0.27602 0.269512 0.636468 0.660551 0.650903 2.00946 0.0127416 35.1846 0.253465 1
216.631 34.0838 -1.05138 5.69118 237.623 19.8202 -0.237564 0.842801 33.9344 27.5576 1.07293 -0.699509 0.218161 0.348457 0.303454 0.860679 1.35671 0.0466667 97.7333 0.0465918 0
212.77 55.0989 -0.499112 2.95253 233.155 29.1874 -0.0513889 0.109003 36.0995 47.8399 1.07567 -0.0285429 0.497401 0.738988 0.752445 0.789654 1.73256 0.0389406 35.3747 0.308942 1
206.189 53.4665 -0.405696 2.23489 231.185 29.1091 -0.10004 0.190082 42.6708 45.2882 0.703057 0.00601426 0.266027 0.563749 0.804348 0.645807 1.87537 0.026541 18.3851 0.352302 1
199.367 58.1406 -0.37777 1.78523 225.483 34.8145 -0.11508 0.169929 46.3311 46.6218 0.452442 0.0517433 0.578989 0.666602 0.597041 0.871037 1.67288 0.0668271 11.7525 0.572523 1
207.508 58.5318 -0.87671 3.1745 226.492 38.6612 -0.0541221 0.100581 37.5525 44.2206 0.879753 0.149749 0.76246 0.717676 0.553191 0.957182 2.00256 0.0128804 47.9313 0.174333 1
210.383 36.6035 -1.31557 5.35871 233.309 25.0543 -0.251058 0.707609 36.716 26.9234 0.765903 -0.413226 0.124649 0.195969 0.353383 0.87179 0.30103 0.5 100 0.00990099 0
207.852 55.4937 -0.68431 4.17279 229.744 34.164 -0.129652 0.359432 40.1874 46.6797 1.17865 0.216265 0.762343 0.784038 0.697836 0.952771 2.02713 0.0135406 36.6283 0.218705 1
204.44 54.9745 -0.458885 3.02526 229.313 32.233 -0.131744 0.32025 42.6727 47.3878 0.892203 0.0226933 0.633197 0.77539 0.440011 0.948967 1.97071 0.0152067 40.8262 0.233302 1
191.276 47.9673 -0.142635 5.88403 229.526 24.1729 -0.120843 0.337466 60.1316 46.352 1.29813 0.10987 0.188031 0.402098 0.194845 0.922083 1.46888 0.0360111 37.1053 0.227381 0
209.49 50.8549 -0.356053 2.38924 233.715 25.8582 -0.0922214 0.214341 40.582 44.8212 0.800824 -0.120975 0.676674 0.730328 0.465739 0.957082 2.08224 0.0102743 30.3121 0.217164 1
234.309 31.7776 -1.02751 8.09171 244.704 15.3697 -0.146298 0.674335 19.8488 27.4437 2.13188 -0.266486 0.371982 0.54329 0.477273 0.82465 1.26908 0.0854001 58.0063 0.280853 0
218.875 50.1703 -1.07863 5.0404 234.553 31.4377 -0.0868466 0.254395 29.0449 39.6843 1.34128 0.288066 0.431544 0.678266 0.439623 0.811549 2.00587 0.0132829 24.1507 0.274749 1
227.889 37.541 -0.245614 4.22725 243.383 12.1944 -0.00213239 0.00449214 27.664 35.193 1.61073 0.227386 0.130566 0.414825 0.42522 0.560555 1.52856 0.0525373 48 0.236081 0
219.843 47.0826 -1.14699 4.3105 234.754 29.3977 -0.0972765 0.277093 28.8336 35.2479 1.05182 0.00623497 0.567303 0.684948 0.361111 0.953997 2.07713 0.0105927 27.9793 0.261394 1
209.789 47.8705 -0.123971 2.29124 236.995 17.7467 -0.0187247 0.0296605 43.136 45.6869 0.807725 -0.0481717 0.565901 0.717807 0.458279 0.846058 1.65087 0.0752005 27.6057 0.489692 1
202.044 52.7536 -0.273964 1.97946 231.152 26.0466 -0.0663907 0.100714 47.985 46.8584 0.586024 -0.0883469 0.572843 0.690698 0.506305 0.85256 1.70418 0.0687216 20.9177 0.494873 1
206.441 53.5586 -0.462547 2.06184 230.47 30.6401 -0.121478 0.225333 41.7789 44.1436 0.606715 -0.0794641 0.461594 0.688182 0.621037 0.767922 1.55558 0.085913 21.0044 0.464653 1
190.94 42.1729 -0.13818 2.35384 229.833 20.0878 -0.112374 0.27056 59.1786 39.2323 0.424573 -0.139959 0.22003 0.451392 0.4147 0.827881 1.30495 0.0520833 95.8333 0.141923 0
221.944 44.3233 -0.421597 3.46465 240.176 19.8511 -0.0910658 0.291438 30.7093 40.4682 1.27583 -0.27446 0.53616 0.819043 0.355528 0.930229 1.24149 0.169245 20.4332 0.585281 1
147.038 17.9158 -2.00469 10.1366 217.892 13.8787 -0.541682 2.63291 104.831 14.0779 1.24052 -1.26907 0.41651 0.561497 0.647059 0.815173 1.70124 0.0243236 47.371 0.147359 0
173.145 62.4516 0.04813 1.30683 200.013 49.4233 -0.166761 0.00701127 53.7819 39.3035 -0.0394516 0.0553061 0.406625 0.627478 0.605827 0.779358 1.71447 0.0337822 3.78652 0.611319 1
218.216 45.2734 -0.136208 2.67468 240.076 16.0809 -0.0131483 0.0251504 35.1733 43.4834 1.0904 -0.0340837 0.582481 0.686604 0.521231 0.887253 1.52164 0.111309 18.5533 0.533954 1
202.746 40.0185 -0.0563214 2.03507 235.246 14.5759 -0.00752785 0.00489674 49.8475 37.7489 0.45397 0.0274643 0.342303 0.518942 0.321256 0.924269 1.63104 0.0250865 106.324 0.0115345 0
216.48 47.1479 -0.476303 2.9191 236.977 23.4717 -0.0953388 0.231545 35.0026 41.263 1.00794 -0.126637 0.602643 0.673528 0.554263 0.88705 1.49578 0.130794 18.4494 0.562702 1
235.103 31.4762 -0.728499 9.61392 245.406 13.0859 -0.0767457 0.371532 19.617 28.5634 2.49466 0.0698943 0.318688 0.554348 0.652174 0.695652 1.46955 0.0804809 32.7722 0.422956 0
202.968 53.2624 -0.334282 2.63637 230.937 27.4769 -0.0810422 0.158527 47.0215 47.0996 0.771872 -0.0057065 0.287988 0.539773 0.529596 0.71537 1.81525 0.050945 15.6103 0.45698 1
232.985 34.3233 -1.01731 10.4823 244.104 16.1344 -0.0798657 0.340243 20.8306 30.0115 2.43321 0.200488 0.284452 0.640212 0.583333 0.664734 1.89163 0.0165189 36.2618 0.201729 0
211.786 51.6115 -0.555561 3.5538 233.352 28.518 -0.0998245 0.251043 37.5811 44.1811 1.09267 0.156031 0.24674 0.623518 0.481728 0.637795 1.95492 0.0204322 24.062 0.323536 1
227.979 39.4901 -0.942436 9.61617 242.254 20.7365 -0.213868 0.986786 26.0415 35.0441 2.11527 -0.621103 0.510764 0.67279 0.537648 0.866965 1.96515 0.0133507 41.0109 0.160828 0
196.21 62.7475 -0.361906 3.99646 225.313 36.8427 -0.0710635 0.140679 51.9419 56.4996 1.25026 0.327707 0.707194 0.73545 0.857143 0.92648 2.15344 0.00834372 31.3349 0.248945 1
205.68 39.6935 -0.580272 2.56919 231.44 23.8278 -0.211143 0.449775 42.32 31.5819 0.579476 -0.0414026 0.34797 0.553731 0.298507 0.948564 0.90309 0.125 95 0.0134314 0
176.301 73.07 -0.131004 2.99828 216.194 44.5764 -0.086021 0.114484 71.7039 68.6216 0.893958 0.241526 0.272793 0.447464 0.869427 0.724725 2.01062 0.011569 37.5652 0.219296 1
192.919 58.8886 -0.182459 3.3239 228.756 28.9229 -0.0755708 0.156644 58.6628 55.4549 0.947849 -0.0394486 0.390546 0.671875 0.666667 0.797795 1.8193 0.0155102 62.1714 0.121313 1
215.597 49.223 -0.0809234 3.67672 239.292 15.7607 0.00247247 -0.00174234 39.125 47.722 1.38454 0.132899 0.693322 0.716981 0.962264 0.92303 1.67679 0.0229492 47.375 0.114389 1
214.367 55.4341 -0.849909 6.02638 230.711 35.8745 -0.0717592 0.246499 32.6222 45.2785 1.63652 1.54086 0.281835 0.469251 0.796992 0.75569 1.6173 0.0280471 34.0526 0.238901 1
178.717 63.3064 -0.220788 3.02076 216.604 42.5287 -0.197177 0.338203 65.9893 56.8709 0.634169 0.275828 0.370859 0.564224 0.666088 0.790647 2.00159 0.0111701 36.2967 0.185717 1
187.233 65.7326 -0.343867 3.70881 217.311 46.6895 -0.181033 0.348532 55.9223 57.3702 0.984576 0.756179 0.472182 0.642396 0.683555 0.814383 1.93049 0.0150851 35.9217 0.187386 1
191.465 58.722 -0.274821 2.98459 224.123 35.6492 -0.173852 0.372692 54.8684 52.743 0.727201 0.0435955 0.704204 0.690538 0.63575 0.956389 2.05424 0.010726 35.7953 0.228088 1
222.773 47.6596 -0.312401 7.92265 240.734 18.6076 -0.011126 0.0200285 31.3281 44.7694 2.22336 0.60985 0.63726 0.699449 0.72973 0.890206 1.81376 0.0192344 42.4658 0.191256 1
217.472 52.9197 -0.433372 5.58178 238.169 24.1476 -0.0554218 0.162702 36.9551 48.7283 1.81732 0.130886 0.781205 0.765625 0.75 0.963399 1.69854 0.0236448 45.0196 0.222953 1
193.75 46.5477 -0.23478 3.05005 227.879 27.1467 -0.238879 0.50015 54.3629 41.0551 0.379109 -0.0900158 0.350253 0.55 0.888889 0.818767 1.9343 0.0127236 38.4762 0.15386 1
235.373 30.1929 -1.11693 9.02846 245.03 14.9611 -0.211174 1.26828 17.8324 26.0797 2.25004 -0.352085 0.316602 0.612045 0.541248 0.696267 1.73158 0.0280942 33.8939 0.22105 0
197.02 49.843 -0.0580661 1.74422 231.662 21.4478 -0.0607533 0.0990604 54.2157 46.4978 0.327979 -0.000268292 0.354779 0.568827 0.529817 0.803901 1.95741 0.0136686 19.0077 0.25793 1
234.538 33.0623 -0.479521 7.04875 245.166 12.7258 -0.0384628 0.168697 19.3045 30.6669 2.22674 0.147687 0.137211 0.454526 0.321317 0.638383 1.48108 0.0928432 29.0169 0.42774 0
193.618 57.9891 -0.249826 3.19843 226.062 32.9099 -0.154095 0.363345 55.4933 52.1413 0.760454 0.181077 0.608575 0.71978 0.619048 0.921817 2.09245 0.00988992 27.9801 0.243549 1
218.421 41.1075 -0.563553 4.65267 239.275 18.752 -0.109661 0.371767 35.3315 36.2742 1.32241 -0.26772 0.455256 0.559144 0.403137 0.935234 1.9812 0.0116377 39.2987 0.139316 0
206.309 57.1182 -0.657617 5.34718 226.115 38.4752 -0.0272517 -0.010791 36.7758 47.3534 1.48188 1.37095 0.477179 0.676471 0.705882 0.794874 1.96724 0.0125913 51.7451 0.140695 1
203.353 61.537 -0.876625 3.89372 221.987 43.7354 -0.0524398 0.0765021 37.8782 47.2021 1.03205 0.602899 0.328855 0.668449 0.647059 0.695673 2.04306 0.00992439 42.6196 0.176774 1
212.637 54.3783 -1.04423 4.89405 227.883 38.5765 -0.0773518 0.156182 30.1899 41.2327 1.21288 0.797181 0.80663 0.718536 0.826087 0.963031 2.05682 0.00999223 40.8824 0.190458 1
174.801 52.6577 -0.0901325 4.28494 224.928 24.5218 -0.0700421 0.155716 76.8614 51.8417 1.16544 -0.0455535 0.184107 0.432292 0.888889 0.630299 1.99735 0.0112847 47.7917 0.184378 0
149.298 63.4737 -0.0422383 2.04985 189.93 47.5442 -0.0579848 0.0368073 81.2807 52.2547 0.265968 0.260127 0.106645 0.180543 0.708738 0.739239 0.90309 0.125 35.25 0.0349242 1
241.084 25.0553 -0.768555 16.1218 247.372 9.70779 -0.0675245 0.422219 13.1269 23.4189 3.48435 -0.615607 0.231049 0.736364 0.206612 0.772854 0.747667 0.448645 28.1406 0.749235 0
