215.977 52.6468 -1.31824 4.26622 231.023 36.7145 -0.154197 0.494602 31.0977 36.4444 0.850204 0.0260122 0.499143 0.737374 0.611111 0.823603 1.93754 0.01335 56.74 0.15297 1
212.124 52.6524 -0.820333 4.01319 230.884 33.8384 -0.146492 0.437111 33.97 42.1037 1.15518 0.377894 0.650153 0.710069 0.888889 0.891816 1.99213 0.0121361 45.716 0.171324 1
219.411 51.7467 -1.04762 4.6451 234.512 30.9086 -0.0628726 0.180118 30.3333 41.0627 1.34579 0.11374 0.596161 0.740546 0.910714 0.820954 1.85058 0.0202778 39.5 0.227903 1
223.03 46.8666 -1.27514 5.00589 236.184 29.2501 -0.107193 0.348145 26.3533 35.2848 1.22813 0.0848857 0.749901 0.748044 0.570058 0.963617 1.85908 0.0200745 32.2214 0.231365 1
167.07 24.2654 0.0276078 1.98312 224.581 8.3728 -0.00653362 0.00551773 85 24.6737 0.0662984 0.00106312 0.53554 0.590476 0.466667 0.947521 1.60206 0.025 44.8 0.0533193 0
214.006 50.76 -0.538296 3.69178 234.754 27.0891 -0.0925287 0.255291 36.3273 43.9314 1.17472 0.158865 0.417903 0.690626 0.486883 0.779398 2.05986 0.011392 23.3711 0.269665 1
209.156 52.4503 -0.26948 2.6347 234.304 24.1586 -0.0505478 0.102603 41.8036 47.9262 0.952493 -0.0525008 0.613774 0.708893 0.525031 0.89308 1.99904 0.0143141 25.3425 0.276992 1
150.158 41.6812 -0.00958219 2.60917 219.337 13.9832 -0.00776816 0.00547227 102.069 42.3021 0.233749 0.0320911 0.301474 0.469136 0.5 0.811089 1.62236 0.0265349 72.0968 0.116844 0
219.115 48.9954 -0.921405 4.65431 235.875 28.5863 -0.134425 0.483208 30.7716 40.0633 1.32496 0.00967259 0.401841 0.644348 0.46 0.780407 2.03072 0.0122635 25.2788 0.259479 1
200.76 34.699 0.0605196 2.2246 234.64 11.0341 0.00100914 0.000820594 50.3 35.4419 0.553723 -0.02801 0.205247 0.363095 0.267857 0.894963 0.60206 0.25 156.5 0.00638945 0
216.032 50.7068 -0.569581 4.79317 235.645 27.1146 -0.0889072 0.301512 34.8104 44.3446 1.47259 0.393503 0.328972 0.640046 0.451925 0.707026 1.83313 0.0272089 24.0896 0.315025 1
156.423 53.4392 -0.173453 2.86073 216.901 29.0241 -0.0984137 0.171717 94.8239 50.6833 0.672892 0.000981807 0.215741 0.521886 0.219373 0.842287 1.446 0.0416667 119.375 0.0135303 0
215.857 32.6333 -0.238307 1.74212 238.595 13.8994 -0.0558045 0.0835022 37.4048 27.4634 0.319667 -0.180151 0.218278 0.30486 0.69697 0.786372 1.09123 0.0859375 47.5 0.145179 0
207.717 52.7658 -0.455075 2.75049 230.86 29.8964 -0.130766 0.329058 40.4835 44.6697 0.835832 0.043451 0.439462 0.659087 0.474312 0.799923 2.03456 0.0128645 24.1813 0.259065 1
219.305 37.2382 -1.72824 6.24244 235.983 27.8199 -0.396611 1.48366 27.6949 24.4549 0.573431 -0.486075 0.11065 0.243076 0.21608 0.874326 0 0 0 0 0
206.721 52.8844 -0.342982 2.77846 233.158 26.4549 -0.0901584 0.205049 43.8308 47.4659 0.875098 -0.146785 0.677618 0.690186 0.548738 0.941593 1.84807 0.0282163 23.0479 0.347058 1
200.106 52 -0.207959 2.91522 231.279 25.6702 -0.0987154 0.220245 50.5684 47.639 0.74726 0.0595332 0.578855 0.724875 0.436293 0.901109 2.06578 0.0116545 15.2155 0.331849 1
208.435 40.4175 -0.790726 3.78086 233.304 24.2611 -0.152483 0.321123 40.0978 32.5553 0.801157 -0.299842 0.196752 0.409536 0.219409 0.903223 0.30103 0.5 196 0.00507614 0
204.419 50.8505 -0.285415 2.04592 231.77 25.8893 -0.110243 0.223197 46.1684 43.9624 0.57534 -0.0230282 0.588627 0.661591 0.466675 0.884862 2.00254 0.013841 15.165 0.344366 1
196.996 53.5939 -0.399117 2.4784 223.962 36.0877 -0.224357 0.409418 46.2335 42.8691 0.526615 0.341685 0.497629 0.644078 0.436064 0.868499 2.06143 0.012726 12.6244 0.385127 1
231.292 27.459 -1.42476 7.32696 243.438 15.1787 -0.137989 0.484957 20.4896 21.7256 1.51733 -0.733859 0.532504 0.647059 0.411765 0.915185 1.7902 0.0171875 59.95 0.151957 0
223.838 20.9278 -0.207476 1.62809 240.459 10.0582 -0.0660716 0.0519848 26.2703 17.64 0.0816732 -0.163496 0.26551 0.47361 0.267176 0.901706 0.577465 0.277778 123 0.00856144 0
220.423 36.5904 -1.16054 4.45468 237.205 22.917 -0.187238 0.499988 28.5897 26.5037 0.768542 -0.228831 0.223302 0.481217 0.233333 0.8822 1.39226 0.0429688 85.375 0.0231393 0
212.517 50.5581 -0.910794 3.48366 230.979 32.2475 -0.104894 0.270873 33.8708 39.0939 0.941275 0.040116 0.334269 0.689236 0.222222 0.928357 1.99671 0.0120988 44.3852 0.104891 1
195.387 54.502 -0.222061 1.74986 227.365 28.3523 -0.0731545 0.099596 53.3694 47.3076 0.391213 -0.0317772 0.470122 0.58935 0.606443 0.797868 1.788 0.0364233 13.4926 0.471631 1
228.445 40.3772 -0.652458 5.79461 242.545 19.2504 -0.183601 0.880346 24.8548 36.3087 1.80734 -0.241274 0.154676 0.391577 0.314888 0.7019 1.61973 0.0567929 38.066 0.356466 0
196.458 51.8826 -0.244079 1.79571 228.398 27.335 -0.0956421 0.131958 52.8009 44.7854 0.389252 -0.0466452 0.317271 0.65911 0.610559 0.660813 1.72582 0.0512633 9.03652 0.557886 1
199.226 45.4469 -0.208369 2.23761 231.434 22.4596 -0.0577832 0.0896329 50.4151 40.8806 0.738646 0.0333857 0.218667 0.594828 0.137931 0.954061 1.7192 0.020202 12.7576 0.272489 0
177.573 60.5892 -0.0586364 1.36024 209.186 42.7366 -0.155391 0.0838357 59.2247 43.93 -0.0192065 0.0504834 0.524572 0.642946 0.86245 0.822285 1.71747 0.046854 5.82613 0.625338 1
206.762 37.7403 -0.300853 2.31716 235.314 18.8802 -0.149018 0.381964 44.219 33.2365 0.459574 -0.254373 0.115889 0.421212 0.104895 0.939658 1.95785 0.0118408 30.8594 0.149772 0
204.385 45.2958 -0.478013 3.15718 231.015 25.2102 -0.0676292 0.105275 43.2 38.3202 0.864141 0.00242509 0.128519 0.559304 0.0895522 0.93433 1.56591 0.0283447 93.7619 0.0156042 0
169.27 58.9057 0.130823 1.44885 203.322 43.5812 -0.192761 0.0156572 64.1368 41.8322 -0.157783 0.0628157 0.390088 0.665952 0.870326 0.698172 1.65007 0.0618858 4.82162 0.660375 1
211.156 30.9482 -0.103319 2.60176 236.812 15.0477 -0.115439 0.299148 38.7344 28.3175 0.574648 0.150753 0.299459 0.434512 0.30303 0.937689 0.778151 0.166667 152.667 0.00856392 0
196.535 29.0448 0.00878661 3.00829 233.907 11.2618 -0.00390704 -0.00334698 55.4186 27.9927 0.593973 0.164907 0.289781 0.552083 0.333333 0.872706 1.12886 0.078125 49.625 0.0236545 0
175.891 36.7895 0.0348307 2.06577 226.457 13.2028 -0.005996 0.0015905 74.8261 36.72 -0.293941 0.032337 0.212958 0.453107 0.207012 0.908078 1.4967 0.03375 66.75 0.102943 0
175.79 27.9565 0.0586402 1.3605 226.95 8.82426 0.00873967 0.00233914 75.22 29.6275 0.00339482 -0.0601872 0.246667 0.845238 0.107143 0.964649 1.37645 0.0467128 118.824 0.00988272 0
181.043 33.2252 0.120424 2.7867 226.239 12.8625 0.00159334 -0.0108421 67.6957 33.3427 0.0333909 0.134894 0.265498 0.59375 0.1875 0.934186 0.778151 0.166667 96.3333 0.0114921 0
184.5 34.3534 0.00591613 1.64841 231.476 11.4002 -0.00108019 7.65471e-05 68.5714 34.2005 0.0476287 0.0221354 0.408903 0.611111 0.294118 0.961293 1.30103 0.05 134.3 0.00782385 0
161.595 55.7068 0.370395 1.78669 198.473 42.1759 -0.241775 -0.0911193 69.0901 39.9478 -0.298876 0.0740163 0.182811 0.492088 0.834793 0.574185 1.77608 0.037584 5.07395 0.615347 1
215.271 50.7324 -0.706657 5.13738 232.612 30.3815 -0.0617084 0.177719 31.0235 42.3956 1.63864 1.08224 0.146723 0.686275 0.0882353 0.91434 1.74016 0.0197368 51.0263 0.0932214 0
226.356 43.6637 -1.07225 11.1239 239.277 24.5361 -0.076455 0.209743 26.0628 36.898 2.43605 1.94232 0.162409 0.55989 0.120805 0.897957 1.96792 0.012176 22.3724 0.216338 0
204.092 40.8185 -0.282081 3.69334 233.881 20.0722 -0.17805 0.58464 46.844 36.7974 0.807938 -0.141148 0.255895 0.416829 0.315487 0.90151 1.70132 0.0232 72.22 0.107348 0
178.227 60.3852 0.0301722 1.30112 204.33 44.9502 -0.130249 0.0405318 52.3193 40.2035 0.0051141 0.072417 0.291084 0.593429 0.636599 0.650163 1.57834 0.0957487 7.87215 0.621722 1
228.59 36.6203 -0.470638 5.28311 243.281 16.1762 -0.0928589 0.331762 24.4532 33.8425 1.75007 -0.34465 0.288916 0.57507 0.21282 0.936496 1.99988 0.011556 34.4688 0.185641 0
192.162 32.0389 0.0453108 2.37777 230.485 14.306 -0.0244581 0.00499519 57.4853 29.6432 0.116062 0.228836 0.1992 0.383722 0.243437 0.909034 1.39685 0.0422222 56.0667 0.0929049 0
185.179 32.6456 0.13298 2.67889 228.795 12.5804 0.00184241 -0.0110382 65.0128 31.7678 0.154554 0.0973081 0.156992 0.347953 0.187192 0.940501 1.51175 0.0325 71.45 0.0261372 0
219.119 49.7929 -0.947543 6.18829 235.761 28.9248 -0.094618 0.292146 31.7164 41.256 1.7213 0.686319 0.16733 0.563914 0.119048 0.91508 1.99442 0.0111754 21.8713 0.229563 0
172.76 59.3304 0.132298 1.38577 202.984 44.1316 -0.163747 0.00815672 58.5594 40.2626 -0.113764 0.0574154 0.448769 0.69669 0.800822 0.746851 1.67893 0.0474009 3.73766 0.664497 1
189.329 40.1088 0.00269214 1.70912 230.219 15.8514 -0.0154529 0.00587027 61.1233 38.1956 -0.0540698 0.0336732 0.145279 0.305039 0.232236 0.89797 1.07918 0.0833333 14.6667 0.0892911 0
214.218 40.2388 -0.300818 3.651 237.66 17.8801 -0.0912442 0.283599 37.359 36.7873 1.03819 -0.095591 0.225506 0.558587 0.191785 0.897196 1.85707 0.0158699 35.1549 0.220949 0
195.103 42.4563 0.0100006 1.76588 233.948 13.8569 0.000573188 0.000497985 57.3448 42.2389 0.566857 0.0109653 0.170777 0.358059 0.257936 0.874775 0.778151 0.166667 144.667 0.00699188 0
178.994 59.6503 -0.0470765 1.35849 211.784 40.6148 -0.1576 0.0878627 59.7426 44.9626 -0.042219 0.0259466 0.477506 0.659459 0.761828 0.777678 1.71519 0.0471574 7.03344 0.627124 1
186.089 33.1125 0.14284 2.98716 227.889 13.7892 -0.0088591 -0.01861 63.0444 31.1534 -0.211153 0.176497 0.160757 0.361898 0.191419 0.929219 0.90309 0.125 16.5 0.13 0
193.394 55.3145 -0.234023 1.59117 225.154 30.8748 -0.0959785 0.117902 53.8995 46.577 0.297546 -0.0220763 0.471555 0.696855 0.589082 0.779355 1.71677 0.0629934 12.8553 0.57705 1
102.706 3.98179 1.78926 7.41913 113.039 3.00301 0.000587424 -2.9676e-05 34.0588 13.881 0.0715376 0.01018 0.273773 0.423648 0.378947 0.888043 1.1299 0.0765306 50.5 0.170128 0
102.96 3.47348 0.48904 2.53462 117.64 3.8075 0.000580729 -5.49539e-05 44.7867 12.2369 0.0297837 -0.00532716 0.724909 0.720238 0.619048 0.960134 1.65143 0.0235969 29.8214 0.222347 0
197.149 55.1594 -0.199853 1.67491 228.96 26.7593 -0.0515146 0.0655734 52.4635 49.3439 0.465197 -0.039226 0.315789 0.606505 0.839213 0.655294 1.79522 0.0538118 16.1702 0.49428 1
184.059 52.9451 -0.101734 1.82946 219.751 31.9306 -0.130486 0.102771 60.4502 43.6364 0.11177 0.100214 0.126731 0.399066 0.678989 0.547569 1.84643 0.0533263 15.4466 0.495984 1
202.973 52.9198 -0.362265 2.10882 229.722 28.5859 -0.0812441 0.138564 45.4629 45.4731 0.643419 -0.0521433 0.571454 0.65037 0.626159 0.848433 1.71596 0.0822909 23.0944 0.496556 1
204.218 50.8375 -0.320353 2.3325 230.96 27.8237 -0.137223 0.271716 44.7144 44.0391 0.61469 -0.0549412 0.653586 0.725921 0.705078 0.884801 1.89837 0.0406911 21.1327 0.412063 1
221.231 43.5919 -1.19456 5.26403 237.923 27.5764 -0.138528 0.350303 28.4231 33.9028 1.20204 -0.0876485 0.346799 0.438597 0.473684 0.853837 0.30103 0.5 225 0.00442478 0
198.247 54.1418 -0.237259 1.71142 226.868 30.1803 -0.102813 0.139595 48.5383 46.0352 0.38276 -0.0303013 0.568842 0.671294 0.51279 0.869668 1.61775 0.0963549 18.2613 0.53556 1
204.738 50.2645 -0.345853 2.29942 231.371 26.3798 -0.08138 0.134105 44.3444 43.6188 0.684903 -0.0119905 0.505635 0.701296 0.627951 0.781302 1.82536 0.0543872 24.2372 0.466321 0
209.44 50.3008 -0.321157 2.98765 235.075 23.397 -0.055707 0.11685 41.7662 45.9927 1.04449 -0.0773283 0.634866 0.674923 0.582 0.872218 1.85024 0.0475219 28.6682 0.410459 1
211.058 47.8912 -0.21286 2.89605 236.584 20.0491 -0.0314477 0.0538152 40.9124 44.7568 0.999854 -0.0103328 0.546304 0.679951 0.594765 0.830661 1.62194 0.0812857 30.6819 0.474782 1
210.283 48.4533 -0.170513 2.84034 236.426 19.6317 -0.0331117 0.0706268 41.7956 45.8978 0.956548 -0.0577159 0.524607 0.68605 0.697424 0.804266 1.72326 0.0512937 27.1401 0.389912 1
204.768 51.2286 -0.158265 2.22902 234.026 21.7521 -0.042464 0.0776027 46.7907 47.9075 0.687878 -0.0665101 0.411814 0.708402 0.565739 0.756227 1.8308 0.0396892 22.9229 0.402834 1
219.767 39.3564 -1.57777 4.72726 233.116 29.5896 -0.124316 0.359509 23.8605 23.8382 0.614885 0.140115 0.504096 0.729412 0.294118 0.978455 0 0 0 0 0
208.905 53.3119 -0.15929 2.17991 235.578 21.8453 -0.0314376 0.0610058 43.0862 50.3974 0.846661 -0.0791472 0.544677 0.687497 0.489102 0.906191 1.7724 0.0397361 29.2686 0.344397 1
219.977 42.3586 -1.95886 6.52806 235.136 31.9364 -0.172832 0.648544 26.5909 26.3709 0.710591 -0.201643 0.552815 0.666667 0.375 0.974646 0.30103 0.5 225 0.00442478 0
213.11 52.2544 -0.290355 3.52052 236.309 23.4695 -0.0468681 0.104446 38.936 48.3163 1.21388 0.0263824 0.426411 0.675991 0.542071 0.774345 1.68632 0.0648726 32.5654 0.403229 1
222.809 43.58 -2.28306 7.62628 235.915 34.8827 -0.128018 0.389293 23.617 25.2187 0.681222 0.0850787 0.410107 0.598143 0.298851 0.95505 0 0 0 0 0
212.424 54.0535 -0.298062 2.83075 235.071 25.3789 -0.0451953 0.103457 38.1472 49.5425 1.0991 -0.0394889 0.623589 0.757446 0.465184 0.934697 1.54527 0.100068 36.8575 0.471185 1
212.959 50.616 -0.350962 2.85227 235.957 23.6326 -0.0520666 0.113453 38.5977 45.545 1.04015 -0.0462317 0.695017 0.76185 0.570029 0.937632 1.84885 0.0242896 38.0898 0.284549 1
230.316 24.9625 -2.49708 10.9012 241.807 18.1141 -0.492764 2.37832 19.4386 15.9682 0.798345 -1.04532 0.208791 0.485939 0.183246 0.932529 0 0 0 0 0
222.368 49.7789 -0.55365 4.87698 238.452 24.2349 -0.0391272 0.119262 28.9066 44.8556 1.70953 -0.00965886 0.597142 0.708333 0.45 0.917867 1.84432 0.0214999 41.2379 0.222331 1
235.903 25.8836 -2.22959 9.77347 244.645 17.2076 -0.44659 2.17438 16 17.9228 1.05637 -1.26057 0.235131 0.414634 0.243902 0.91112 0 0 0 0 0
215.055 50.5738 -0.502991 3.20955 235.308 25.7151 -0.0621804 0.161585 35.3907 44.2616 1.16681 -0.0479947 0.600121 0.719376 0.406161 0.948655 1.94015 0.0161739 33.8179 0.202466 1
202.031 51.8451 -0.194444 1.90328 232.408 23.75 -0.0718173 0.138514 49.2802 47.161 0.530106 -0.110195 0.450258 0.720977 0.404653 0.830746 1.83643 0.0302492 19.1601 0.354684 1
221.273 43.9738 -1.70228 7.45716 237.068 30.226 -0.177353 0.678298 27 32.7844 1.32064 -0.352907 0.438741 0.605159 0.321429 0.948994 0.30103 0.5 225 0.00442478 0
210.125 52.2249 -0.453707 2.97823 232.834 28.1144 -0.0857852 0.18724 38.966 45.1444 0.939279 0.056383 0.63533 0.696903 0.453059 0.948288 1.89328 0.021935 18.0677 0.352421 1
203.046 51.9333 -0.2356 2.48761 231.758 25.2122 -0.0736052 0.136634 47.42 46.6945 0.705793 0.0888034 0.451874 0.683791 0.589585 0.755117 1.76011 0.0538707 16.7267 0.475396 1
201.469 53.0971 -0.198825 1.98339 229.971 27.6382 -0.0809057 0.129534 46.5033 47.2935 0.580685 0.0309153 0.688656 0.751767 0.596323 0.909565 1.92739 0.0218724 25.4703 0.357729 1
205.741 52.0272 -0.281235 2.40518 232.733 25.0141 -0.0588226 0.0951697 44.9564 46.399 0.772074 0.00468013 0.754624 0.731979 0.734774 0.924247 1.76328 0.0351208 28.1357 0.367862 1
213.885 52.5995 -0.486804 3.56749 234.63 27.2725 -0.0540209 0.109419 35.9069 46.0487 1.22837 0.196921 0.73989 0.765207 0.61505 0.934457 1.83534 0.0309936 36.4395 0.286263 1
207.333 56.1578 -0.194864 2.67209 234.803 23.593 -0.0407365 0.0849863 45.2137 52.86 0.959447 -0.0651394 0.462962 0.696205 0.512989 0.804222 1.84089 0.0263896 37.8526 0.309055 1
203.89 55.6595 -0.201982 2.14959 232.676 25.0567 -0.0472678 0.0811608 47.2589 51.2971 0.734714 -0.0662471 0.407061 0.69349 0.560452 0.743664 1.91853 0.0186635 36.1775 0.264341 1
221.628 50.0842 -0.669892 5.11912 237.367 25.915 -0.0452048 0.138166 29.447 43.8769 1.69409 0.150064 0.685435 0.796241 0.542857 0.932437 1.82479 0.0233164 42.6906 0.227042 1
134.66 20.3033 0.115334 8.23718 215.511 7.00417 0.00128837 0.00100506 118.319 20.8318 2.21826 -0.180703 0.389414 0.487836 0.456522 0.894558 1.40579 0.0416667 72.4444 0.0840983 0
212.491 54.143 -0.374342 3.3854 235.507 25.8173 -0.061595 0.149773 39.4364 49.3146 1.21257 -0.0910388 0.608102 0.743909 0.603366 0.896589 1.70718 0.0425013 32.3339 0.331101 1
209.215 53.8946 -0.359233 3.42388 233.587 27.5562 -0.0996281 0.294998 41.4782 48.9055 1.10539 -0.00988999 0.603248 0.724211 0.458976 0.928149 2.03325 0.0128146 35.5424 0.213979 1
196.897 55.0128 -0.26347 3.4975 228.583 30.8966 -0.1577 0.409754 52.1881 50.338 0.846921 0.15842 0.524593 0.695057 0.563008 0.835213 2.10814 0.0107899 29.6104 0.246158 1
204.58 54.1627 -0.383041 3.00028 231.128 29.1315 -0.107529 0.237003 44.8077 47.6814 0.858684 0.0110192 0.67329 0.705182 0.639543 0.927046 2.10994 0.0110237 28.4826 0.267435 1
211.538 56.9761 -0.645328 3.53816 231 33.1241 -0.058318 0.138133 35.9615 47.8927 1.1738 0.143211 0.199816 0.548493 0.702439 0.557365 2.05028 0.0117119 39.47 0.207831 1
184.159 67.4848 -0.313419 2.1754 215.551 41.5614 -0.0485424 0.0758596 58.8406 57.6183 0.66609 0.117577 0.211115 0.378318 0.898305 0.697606 1.50057 0.033241 63.7895 0.123426 1
206.181 55.9165 -0.46441 2.79527 229.759 31.8348 -0.104385 0.241709 41.864 47.8706 0.880989 0.0249527 0.500717 0.631122 0.597086 0.887786 1.98849 0.0135939 34.4592 0.254249 1
212.956 52.6656 -0.581755 3.66094 233.385 29.1868 -0.0930667 0.234374 36.5492 45.0232 1.1447 0.118458 0.540137 0.684715 0.512484 0.866741 2.04543 0.0124392 21.2368 0.271936 1
219.876 49.7867 -0.95756 5.70281 235.991 29.9683 -0.120811 0.446947 29.2633 41.6147 1.55044 0.0584209 0.68185 0.752976 0.47619 0.944757 2.01697 0.01362 26.0043 0.240861 1
200.898 58.736 -0.316994 3.79056 229.448 30.9784 -0.059426 0.103611 48.6834 53.5622 1.1656 0.184912 0.496514 0.663287 0.732136 0.806926 2.09586 0.0111848 35.3969 0.273325 1
214.216 57.1481 -0.674581 3.92665 232.443 31.4922 -0.0320889 0.0693262 35.1368 48.5203 1.34331 0.146083 0.324604 0.613636 0.846154 0.675593 2.09065 0.0097771 50.2135 0.152401 1
206.357 56.6766 -0.470211 2.98812 231.104 31.3171 -0.106788 0.256794 42.9687 49.5676 0.982629 -0.158512 0.786228 0.775795 0.869071 0.969903 2.09875 0.00978714 36.5142 0.233201 1
213.365 55.5558 -0.653537 4.13483 232.463 31.8416 -0.0475625 0.106934 34.9155 47.2681 1.3522 0.275292 0.785183 0.773975 0.643939 0.953496 1.82086 0.024217 50.4402 0.197312 1
229.351 36.4233 -2.29774 9.34735 240.061 25.556 -0.233868 1.03039 20.8855 23.8419 1.07708 -0.384494 0.268939 0.567057 0.203125 0.921422 1.46557 0.0402893 77.8182 0.0722066 0
216.339 50.9829 -0.763579 4.31307 234.939 28.4112 -0.0757625 0.198006 33.8571 42.9899 1.3252 -0.0252205 0.543098 0.808046 0.517241 0.844377 1.88201 0.0186678 41.7299 0.205095 1
229.949 36.6642 -2.91916 12.0968 239.441 28.9654 -0.259451 1.26638 18.5198 21.1764 0.774977 -0.356756 0.153994 0.370272 0.23059 0.811634 1.63469 0.0261708 80.697 0.0419848 0
216.621 52.6644 -0.878571 3.9854 232.858 31.5717 -0.0768485 0.205733 31.5033 42.2238 1.17878 0.0621192 0.766525 0.837728 0.586207 0.961035 1.93231 0.0151098 43.3343 0.176286 1
226.972 37.9664 -2.49782 10.4688 238.772 28.6218 -0.274774 1.32889 21.1448 24.467 1.00918 -0.355475 0.314529 0.555712 0.337064 0.861427 1.48138 0.0369822 60.6923 0.0470552 0
141.677 9.09054 -0.116824 2.43011 218.419 4.12916 -0.075223 0.0770157 111.79 8.9841 -0.232016 0.101685 0.47125 0.630081 0.439024 0.886264 1.51879 0.0340265 53.2174 0.272029 0
200.388 57.058 -0.389178 2.17682 227.743 33.2796 -0.146527 0.320204 46.8723 48.2587 0.634175 -0.078313 0.486769 0.734628 0.440821 0.867586 1.9577 0.0150393 39.2514 0.233194 1
231.379 32.2997 -2.35314 10.0335 241.293 22.3368 -0.305589 1.60923 18.4483 21.1808 1.10167 -0.455205 0.432415 0.63396 0.310811 0.945305 1.12886 0.078125 60 0.0808539 0
189.812 58.2932 -0.322095 1.93117 220.22 36.5488 -0.116681 0.167527 52.8658 48.3303 0.458301 -0.0384349 0.1752 0.406066 0.453896 0.694942 1.97237 0.0136576 77.9597 0.109626 1
209.195 54.4472 -0.681317 3.4113 230.406 33.016 -0.110856 0.252444 38.1996 44.7597 0.973954 0.0623128 0.698685 0.758826 0.557375 0.943906 2.1426 0.0090801 39.674 0.178541 1
223.429 33.4082 -2.59261 12.6273 238.118 25.8275 -0.503601 3.01723 24.2733 21.0421 0.792893 -0.710124 0.189759 0.455723 0.189321 0.913552 1.39416 0.0449827 86.0588 0.130339 0
206.544 52.908 -0.382076 2.50719 232.099 28.0211 -0.105272 0.241826 42.9967 46.3251 0.813424 -0.101349 0.662662 0.739876 0.474424 0.945073 2.06749 0.0120538 27.9847 0.261433 1
206.632 52.9319 -0.358408 3.19286 232.282 27.5138 -0.102481 0.252809 43.6937 46.8894 0.949153 0.0628101 0.647258 0.706733 0.459847 0.94403 2.02113 0.0142888 21.197 0.301738 1
202.724 55.3842 -0.204948 2.03969 231.39 27.2478 -0.0725164 0.139096 46.5191 50.3848 0.671869 -0.0529715 0.479692 0.720631 0.451487 0.858269 2.04363 0.0120289 29.0652 0.258834 1
210.486 57.7837 -0.566407 3.81452 230.816 32.6419 -0.0408292 0.0790846 37.9535 49.1035 1.29431 0.406384 0.763735 0.759196 0.583658 0.957962 2.03369 0.0123734 45.3684 0.209995 1
201.266 60.5374 -0.281276 3.02596 229.866 30.9107 -0.0651143 0.128742 48.7868 55.1844 0.994911 0.0883796 0.607064 0.676488 0.519296 0.895275 2.04208 0.0118471 43.9102 0.209024 1
212.895 57.8245 -0.666682 4.38147 232.263 32.7865 -0.06694 0.176714 37.1605 49.9048 1.41962 0.108941 0.779991 0.722917 0.6 0.956623 2.03071 0.0111169 49.45 0.193123 1
212.057 59.1525 -0.832827 4.02441 230.579 36.6631 -0.0735756 0.188703 35.6658 48.5572 1.26216 0.164729 0.793239 0.770023 0.605263 0.963505 2.09402 0.00933319 46.4781 0.158429 1
137.842 18.0475 0.0691106 3.62883 216.684 6.43635 0.0045865 -0.0056718 115.158 18.2836 0.6967 0.0287789 0.279762 0.415278 0.277778 0.944702 1 0.1 82.4 0.0164869 0
197.998 58.4699 -0.330893 2.32339 227.653 32.9263 -0.132802 0.273832 49.9604 51.441 0.65723 -0.125939 0.517008 0.682201 0.58754 0.845119 2.1316 0.00899985 37.5944 0.239963 1
224.04 37.9429 -0.584802 4.39887 241.293 17.5862 -0.0302549 0.0709582 28.1733 33.5119 1.49777 -0.00697855 0.0820242 0.265645 0.495575 0.543031 1.56648 0.0301769 31.0645 0.247964 0
198.928 58.9152 -0.239023 2.5023 228.856 30.3527 -0.0618592 0.0955065 49.6144 53.2335 0.816505 0.0700925 0.321076 0.594147 0.699969 0.707042 2.06318 0.0103249 41.866 0.200887 1
195.772 42.8245 -0.0978077 1.90028 231.505 17.8983 -0.0301251 0.0401653 54.7228 40.5939 0.376733 -0.111442 0.248392 0.549451 0.179487 0.942804 1.90487 0.0150463 16.1944 0.225305 0
205.392 55.7512 -0.333381 2.76485 230.845 29.4284 -0.0740241 0.145401 43.4038 49.5218 0.923646 0.0265172 0.71423 0.816595 0.540784 0.949086 2.02414 0.0119089 46.3799 0.197393 1
193.35 40.2421 -0.143353 2.66004 230.95 18.0466 -0.0355311 0.0453189 57.45 37.9725 0.753013 0.0880324 0.183442 0.450236 0.15625 0.954078 1.79601 0.0168006 19.0811 0.261901 0
216.773 52.381 -0.851094 4.09777 233.53 31.1306 -0.0800899 0.210953 31.6134 42.5531 1.21782 0.0605289 0.375323 0.6775 0.64 0.718504 1.97298 0.0137351 47.3697 0.180177 1
199.05 44.4241 -0.275093 2.34074 230.725 22.6263 -0.080048 0.136713 50.325 39.056 0.687096 -0.00495317 0.154623 0.462319 0.130435 0.936052 1.5906 0.0272 29.32 0.199109 0
212.165 54.0557 -0.888127 3.7029 230.905 33.8165 -0.0780441 0.177551 34.6185 42.658 1.06505 0.07695 0.735815 0.752404 0.615385 0.942437 1.93155 0.016351 48.4634 0.190286 1
213.429 55.9813 -0.961336 4.23364 229.649 36.411 -0.0638042 0.151474 32.3944 43.8285 1.17701 0.245615 0.755423 0.773333 0.6 0.959433 1.99473 0.0131479 46.2511 0.1563 1
201.806 32.8314 -0.310774 2.84397 232.581 16.6012 -0.112605 0.207361 48.1613 28.9316 0.3989 -0.252661 0.200675 0.506593 0.151899 0.958536 1.42989 0.0429688 11.25 0.298062 0
167.733 46.8998 -0.200631 1.94608 216.133 27.0798 -0.0563974 0.0433314 78.1 40.7753 0.459387 0.0625137 0.330979 0.529156 0.301205 0.929868 1.34242 0.0454545 33 0.188862 0
211.429 56.7371 -1.05123 3.62052 227.561 39.1428 -0.0654193 0.13584 32.5034 41.3317 0.89273 0.18303 0.76496 0.790179 0.583333 0.964987 2.06995 0.0104437 43.372 0.136495 1
216.249 52.9517 -1.07351 4.04655 230.746 34.4043 -0.0499551 0.112761 29.4444 39.5165 1.07652 0.293084 0.794684 0.757652 0.642157 0.957863 2.12702 0.00930727 32.0296 0.226039 1
215.981 53.2438 -0.78381 4.1276 233.435 30.7954 -0.0590158 0.156169 32.5027 44.1411 1.29664 0.14745 0.788171 0.747674 0.606557 0.967026 2.00096 0.0137988 31.0372 0.214245 1
195.534 60.8367 -0.309808 2.3087 224.531 34.8178 -0.0835855 0.13855 50.1644 52.9823 0.702779 0.0451956 0.603169 0.667678 0.615 0.903621 2.04003 0.0130209 31.6705 0.232735 1
190.431 38.8544 0.0147143 1.9538 231.361 13.4457 -0.00552148 0.00314022 61.9306 37.891 0.139731 0.00100349 0.18145 0.319865 0.272727 0.910782 1.77974 0.017531 36.5405 0.181805 0
202.783 58.9988 -0.588493 2.39726 224.316 37.7354 -0.100525 0.178531 41.0073 45.5512 0.671547 0.0965412 0.825313 0.784834 0.855894 0.965048 2.05316 0.0114016 31.3621 0.257838 1
206.097 58.9305 -0.759509 3.03425 224.191 40.1756 -0.0687543 0.109222 35.985 43.6924 0.809744 0.482877 0.415802 0.550343 0.605263 0.814486 2.07064 0.0131904 28.2152 0.247645 1
203.43 57.9193 -0.512093 3.1077 228.266 34.3317 -0.116968 0.283924 44.2393 49.2782 0.910626 0.113719 0.638652 0.739742 0.805388 0.879354 2.03225 0.0129492 29.9778 0.240558 1
211.109 52.3842 -0.370678 3.27509 234.424 26.3988 -0.0894486 0.248543 39.6518 47.0693 1.05512 0.0276966 0.702867 0.699815 0.665512 0.927863 1.91472 0.0205805 23.4798 0.305214 1
209.026 53.7273 -0.277425 2.5484 234.348 24.8839 -0.0625114 0.150702 42.4736 49.1142 0.92353 -0.0677957 0.415809 0.672018 0.62688 0.748673 1.92634 0.0180896 26.8633 0.300364 1
207.747 50.9382 -0.151004 1.95863 235.59 20.8591 -0.0390993 0.0772188 44.4283 47.9077 0.712773 -0.0801573 0.547249 0.700816 0.5312 0.868742 1.90245 0.0236876 20.8448 0.350176 1
162.199 18.2274 0.033606 2.12829 224.486 5.67819 0.0023636 0.000208798 90.9283 18.6153 0.492988 -0.0029945 0.410235 0.667188 0.3125 0.892909 2.04687 0.0103727 13.7987 0.248982 0
224.934 46.8528 -0.428862 5.12643 240.727 20.3153 -0.0310689 0.0876084 28.3725 43.2212 1.79738 0.0630721 0.679568 0.740726 0.492147 0.935637 1.61286 0.0628946 43.8585 0.316858 1
147.69 12.5242 -0.215711 4.32462 219.636 5.60141 -0.123956 0.473427 105.444 12.1237 0.777517 -0.40236 0.356327 0.68 0.36 0.824584 1.88292 0.0161391 49.3878 0.201477 0
219.317 51.9387 -0.872229 4.21136 234.844 30.0236 -0.0620076 0.168691 29.8921 42.6066 1.31728 0.0561538 0.418879 0.748884 0.473381 0.761382 1.6181 0.0861304 40.0923 0.414383 1
139.833 10.441 -0.0122747 5.07338 218.115 4.06681 0.013406 -0.0225577 113.781 10.1522 1.16485 0.367078 0.796068 0.822917 0.666667 0.976379 1.77839 0.0188802 51.125 0.214358 0
221.946 49.799 -0.853946 4.79733 237.069 26.9677 -0.0428249 0.119874 28.9202 41.7577 1.5123 0.10967 0.422731 0.748428 0.45283 0.79171 1.6197 0.0555184 35.4536 0.311391 1
148.875 12.8242 0.00713862 1.65313 220.975 3.83071 0.00173822 0.000832065 104.55 12.9111 0.144852 -0.0132742 0.321793 0.428571 0.411765 0.891175 1.41108 0.0410156 42.875 0.0997227 0
143.969 13.4603 -0.289311 6.41778 218.795 5.97546 -0.0897326 0.250418 109.189 13.0461 1.20298 -0.921312 0.16187 0.463844 0.614719 0.588969 1.6841 0.0232426 54.381 0.113559 0
226.428 43.8249 -0.8925 5.78577 239.88 22.6659 -0.0583121 0.191679 25.5008 37.4844 1.75118 -0.0469577 0.477471 0.745551 0.419048 0.82199 1.56085 0.0838234 26.1637 0.456916 1
208.653 51.368 -0.266996 2.5733 235.042 23.6268 -0.0688551 0.158466 42.7369 47.3423 0.861631 -0.148377 0.43592 0.695559 0.458786 0.788269 1.74813 0.0407335 14.9538 0.422139 1
199.616 55.2128 -0.226596 1.90373 230.017 27.0952 -0.0633858 0.0984421 50.2029 49.1649 0.524179 -0.0152987 0.460872 0.665189 0.473354 0.824876 1.85408 0.0283826 9.41015 0.486466 1
198.589 49.8489 -0.229662 1.82688 229.855 26.1098 -0.111567 0.178351 50.5094 43.8889 0.389378 -0.0846676 0.568308 0.69391 0.499621 0.884521 1.86798 0.0246604 8.44524 0.501771 1
195.497 51.353 -0.177186 1.67814 227.879 27.23 -0.106369 0.139178 52.9556 44.7277 0.249455 -0.0742119 0.450119 0.727354 0.467148 0.813595 1.75025 0.0587228 15.3594 0.517458 1
198.042 52.9628 -0.193294 1.73265 229.055 26.6836 -0.0797543 0.111864 51.5413 46.576 0.383635 -0.0575677 0.550392 0.671214 0.500259 0.849974 1.83463 0.0385707 23.7608 0.449396 1
200.635 55.4852 -0.275472 1.89365 229.025 29.5157 -0.0925284 0.153014 47.9157 48.2042 0.516384 -0.0460206 0.643048 0.694287 0.556372 0.895454 1.80601 0.046378 27.317 0.420419 1
202.365 54.4106 -0.262478 2.43883 231.659 26.4433 -0.069562 0.132507 48.207 49.3037 0.734113 -0.050033 0.517724 0.715742 0.486645 0.841813 1.78192 0.0392908 31.3944 0.358932 1
207.849 50.6975 -0.202105 2.65497 235.591 21.1301 -0.0415557 0.0818366 44.8399 47.4419 0.887659 -0.082338 0.514311 0.741773 0.58306 0.83272 1.70458 0.0491069 32.466 0.353464 1
209.361 53.2199 -0.214016 2.38024 235.25 23.2971 -0.0573824 0.140679 42.67 49.6585 0.907254 -0.134359 0.39585 0.707499 0.372455 0.818016 1.86137 0.0296671 31.5106 0.290479 1
211.718 51.5228 -0.260133 2.91965 236.335 22.5909 -0.0496214 0.112837 40.4474 47.7002 1.03669 -0.0237427 0.420974 0.667913 0.422699 0.811705 1.78213 0.038535 20.5198 0.363843 1
212.086 51.4839 -0.389848 2.55677 234.718 25.0869 -0.0607833 0.127826 38.4333 45.6741 0.937659 -0.0983067 0.638376 0.734905 0.459781 0.931562 1.53676 0.095743 20.6947 0.552178 1
209.792 48.6655 -0.161811 2.07211 236.2 19.0318 -0.0226918 0.0355646 42.9446 45.5218 0.737731 -0.045954 0.509931 0.654298 0.443491 0.888 1.80315 0.0340854 22.8353 0.346273 1
207.212 43.1189 -0.390266 3.37927 234.779 20.4328 -0.097434 0.239513 43.6442 39.4496 0.948019 -0.380267 0.332672 0.540356 0.395349 0.815815 1.71709 0.0208117 62.9677 0.127456 0
212.697 51.9476 -0.313522 2.82322 235.61 23.6989 -0.0413267 0.0901092 38.7038 47.3716 1.06845 -0.0460817 0.51294 0.730327 0.443392 0.87315 1.64742 0.0597697 33.8117 0.365847 1
240.809 24.9486 -0.561233 13.3707 247.411 8.94257 -0.018612 0.0792595 13.3816 23.5887 3.27683 -0.026208 0.215989 0.706 0.25 0.710196 0.669476 0.491593 25.7691 0.76999 0
196.084 52.9074 -0.165783 2.02728 229.647 24.9899 -0.0560173 0.080718 53.5805 48.7083 0.492888 -0.078045 0.169584 0.471904 0.478094 0.600098 2.07226 0.0149817 33.0556 0.27351 1
242.135 22.195 -1.37654 21.6423 247.621 9.94707 -0.168677 1.43784 11.806 19.801 3.82448 -0.205922 0.293665 0.629128 0.391133 0.726079 0.73379 0.401553 25.2188 0.72371 0
197.445 56.0633 -0.129918 1.98637 229.474 25.7403 -0.034413 0.0458236 52.064 52.0424 0.612085 -0.0201705 0.117087 0.427597 0.448766 0.539704 1.87899 0.0254996 37.7975 0.277145 1
207.885 50.8356 -0.183392 2.63552 235.233 21.527 -0.0414683 0.0820881 44.0964 47.6506 0.887675 -0.0245868 0.509591 0.683425 0.595741 0.82782 1.63323 0.0806765 34.5675 0.450421 1
204.429 54.4267 -0.215712 3.00536 232.811 25.0894 -0.0535435 0.115949 46.5768 50.4966 0.955446 0.0516425 0.513299 0.695759 0.527297 0.853047 1.96987 0.0227869 31.8639 0.295834 1
193.565 62.5476 -0.246336 3.15369 224.843 34.3179 -0.0756934 0.146067 55.4834 55.9587 0.910764 0.330401 0.100688 0.376508 0.61102 0.507149 2.03205 0.0112135 47.5575 0.193053 1
196.801 54.5561 -0.166099 2.74622 229.832 26.7284 -0.084072 0.163118 53.74 50.3835 0.702363 -0.0196463 0.22101 0.454291 0.528129 0.709468 2.0441 0.0118133 25.4379 0.305833 1
191.724 58.9401 -0.239455 3.08076 225.689 32.1295 -0.0909329 0.152075 57.3415 53.0267 0.791199 0.19122 0.283578 0.485891 0.534964 0.74853 1.85776 0.0267376 36.7795 0.282036 1
189.234 57.3923 -0.16047 2.0155 223.128 31.0389 -0.0514034 0.0542359 56.4851 51.0249 0.498446 0.0219445 0.249122 0.392798 0.475759 0.824252 1.92675 0.0139711 47.2821 0.190045 1
185.93 55.2977 -0.142934 2.96994 223.33 30.6105 -0.0971979 0.140397 61.1814 50.6132 0.609981 0.168735 0.288942 0.499284 0.775161 0.690156 2.12839 0.00910783 39.699 0.223109 1
207.668 57.4676 -0.552687 2.77196 228.358 32.8916 -0.0419046 0.0659368 38.6491 47.235 0.919906 0.152621 0.425623 0.537255 0.709958 0.8672 1.89948 0.0185828 35.1538 0.234355 1
202.383 52.0979 -0.339475 3.39191 228.736 29.4132 -0.0739055 0.111012 44.0303 45.7047 0.986656 0.316355 0.260829 0.585344 0.779384 0.62563 2.10422 0.00998405 26.7156 0.283918 1
205.545 59.8087 -0.425652 4.60907 229.412 33.8886 -0.0656184 0.13291 43.5728 52.8184 1.388 0.671964 0.405503 0.640951 0.739926 0.755325 1.91809 0.0173197 36.8939 0.237041 1
212.274 54.429 -0.740557 4.0832 230.542 32.7497 -0.0622654 0.13854 34.8554 44.3962 1.21777 0.3738 0.80749 0.766927 0.666667 0.963684 2.11412 0.00911304 45.1207 0.162882 1
212.951 55.2956 -0.902026 3.97283 230.816 34.7308 -0.0645703 0.155086 33.7674 43.7754 1.16241 0.207455 0.702367 0.70182 0.686441 0.918227 2.05055 0.0114355 40.6763 0.191772 1
162.885 59.4079 -0.109234 2.45347 203.678 41.5789 -0.110051 0.0183798 73.8087 51.2088 0.335348 0.144346 0.31096 0.398059 0.635852 0.84039 1.81376 0.0162963 68.6667 0.162277 1
156.862 60.6082 -0.0295664 2.30146 204.513 39.4065 -0.101945 0.0417603 82.2321 56.7318 0.177264 -0.0355358 0.142781 0.311417 0.849628 0.607341 1.8564 0.0152606 48.963 0.177142 1
202.155 59.8812 -0.258019 3.03877 228.996 30.5466 -0.0513444 0.0900698 46.5888 54.4311 0.997237 0.119309 0.721126 0.738331 0.792613 0.919242 2.17324 0.00828791 34.6275 0.19365 1
202.902 54.5199 -0.291232 2.26098 230.904 28.1677 -0.0801747 0.154672 45.8998 48.6854 0.737396 -0.0667621 0.542815 0.728518 0.625697 0.838931 1.95268 0.014799 35.7867 0.215927 1
202.861 60.7523 -0.484255 3.09808 226.174 35.5361 -0.035668 0.0651002 42.847 51.6413 1.07802 0.265956 0.276546 0.486984 0.741038 0.713771 2.03775 0.0111089 55.6831 0.138095 1
201.06 54.3567 -0.382285 2.99263 228.179 31.3662 -0.150948 0.345988 46.8907 46.8865 0.778472 0.094558 0.647881 0.690505 0.520676 0.945935 1.99166 0.0174315 24.3955 0.285116 1
205.159 61.982 -0.419847 3.97777 228.549 35.713 -0.0643038 0.13946 43.0156 55.1787 1.30422 0.303432 0.768463 0.714943 0.737534 0.957645 1.94831 0.0167697 29.9964 0.263425 1
204.033 54.9092 -0.458016 2.90662 228.525 32.5386 -0.104289 0.239493 42.6139 46.0703 0.843571 0.226287 0.791069 0.80513 0.633142 0.96958 1.97826 0.014864 38.952 0.226471 1
199.143 57.899 -0.276928 2.63514 226.12 33.3297 -0.0863935 0.150619 46.3802 50.8018 0.806543 0.168659 0.465241 0.646481 0.660774 0.805777 2.01658 0.0132968 35.6227 0.212332 1
197.904 56.4755 -0.226355 2.20592 227.327 30.2174 -0.0697676 0.102435 49.2707 50.0604 0.659776 0.0507922 0.715416 0.768743 0.557436 0.961355 2.04189 0.0117083 42.8577 0.23475 1
209.418 57.2957 -0.719503 3.60381 228.775 35.1129 -0.0514924 0.103255 36.7164 46.9684 1.13892 0.158004 0.761138 0.760196 0.552995 0.96812 2.12826 0.00875322 44.3063 0.14723 1
203.748 58.6697 -0.386818 3.89665 228.826 33.6423 -0.0925305 0.211352 44.4736 52.2094 1.18018 0.359803 0.776512 0.800296 0.63114 0.973563 2.00877 0.0120886 49.2742 0.161234 1
213.308 56.2673 -0.709514 3.78309 232.272 32.2001 -0.0516269 0.113535 35.6076 46.9605 1.26195 0.160345 0.658482 0.744332 0.609137 0.892268 2.09549 0.00964877 45.7008 0.175032 1
197.595 58.5297 -0.22141 2.41361 228.018 30.6944 -0.0821374 0.128496 51.3526 52.1628 0.706614 0.103811 0.494501 0.780415 0.690728 0.831884 2.08815 0.00995465 44.1571 0.19585 1
130.554 41.5846 -0.997293 5.89452 205.018 37.1212 -0.100209 0.308778 120.232 37.1383 1.40618 0.31963 0.255319 0.405556 0.277778 0.914491 1.26093 0.0625 84.6667 0.0731913 0
215.517 52.0747 -0.801432 4.21219 233.467 30.7888 -0.0627507 0.148716 32.7664 42.8462 1.29734 0.22095 0.805284 0.861607 0.583333 0.98104 1.98845 0.0126665 48.6895 0.14025 1
211.394 56.9546 -0.708032 3.91218 230.016 34.5113 -0.0584357 0.155105 35.2554 47.3345 1.28052 0.304917 0.722601 0.818966 0.482759 0.968435 2.02589 0.0118013 46.0871 0.160867 1
217.452 51.0746 -0.837509 4.99221 233.815 30.5513 -0.0652138 0.178158 30.0893 42.5135 1.50045 0.415369 0.461625 0.658889 0.72 0.785058 2.02409 0.0120321 32.3373 0.225497 1
212.294 55.0836 -0.700815 3.61686 231.166 31.6697 -0.045757 0.101604 35.6006 45.3392 1.1576 0.199404 0.291557 0.618244 0.541177 0.65708 1.97586 0.0145573 32.0042 0.207691 1
208.498 55.7357 -0.426329 3.77844 232.184 30.3293 -0.0939887 0.234917 40.8978 49.7294 1.19222 0.0982805 0.716424 0.723104 0.545034 0.950294 1.92116 0.0174499 26.9129 0.276 1
212.211 55.3466 -0.670337 3.15685 230.006 32.5673 -0.0409169 0.0789668 34.5328 44.6453 1.05982 0.26831 0.317049 0.646368 0.692308 0.658482 1.9469 0.0179636 34.3713 0.235157 1
213.81 53.2677 -0.889462 3.90341 229.311 35.1931 -0.0816679 0.181352 30.8957 40.3412 1.09836 0.662565 0.763256 0.839583 0.533333 0.975218 2.0088 0.0128045 45.2226 0.203227 1
201.97 57.6976 -0.373915 2.76281 228.039 32.0552 -0.0734654 0.125246 45.628 49.9783 0.884316 0.137997 0.778114 0.753286 0.602765 0.964168 2.13145 0.00918507 46.0647 0.214214 1
193.457 66.5014 -0.35031 2.95321 222.164 39.5654 -0.0697217 0.120751 53.0284 58.4091 0.945128 0.250092 0.247286 0.510699 0.421053 0.719033 2.19376 0.00764386 46.415 0.203454 1
145.838 22.7438 -0.0881435 5.10751 219.279 9.10696 -0.0274197 0.0349104 107.265 22.392 1.10075 0.100669 0.414731 0.574554 0.35 0.944554 1.63496 0.0244083 55.2692 0.0910423 0
209.562 62.2715 -0.713342 3.57716 229.104 37.1612 -0.0590791 0.12717 39.0521 51.5381 1.18145 0.18295 0.550007 0.752174 0.575 0.828134 2.02031 0.0129956 47.5385 0.166719 1
212.274 54.429 -0.740557 4.0832 230.542 32.7497 -0.0622654 0.13854 34.8554 44.3962 1.21777 0.3738 0.80749 0.766927 0.666667 0.963684 2.11412 0.00911304 45.1207 0.162882 1
212.951 55.2956 -0.902026 3.97283 230.816 34.7308 -0.0645703 0.155086 33.7674 43.7754 1.16241 0.207455 0.702367 0.70182 0.686441 0.918227 2.05055 0.0114355 40.6763 0.191772 1
162.885 59.4079 -0.109234 2.45347 203.678 41.5789 -0.110051 0.0183798 73.8087 51.2088 0.335348 0.144346 0.31096 0.398059 0.635852 0.84039 1.81376 0.0162963 68.6667 0.162277 1
156.862 60.6082 -0.0295664 2.30146 204.513 39.4065 -0.101945 0.0417603 82.2321 56.7318 0.177264 -0.0355358 0.142781 0.311417 0.849628 0.607341 1.8564 0.0152606 48.963 0.177142 1
202.155 59.8812 -0.258019 3.03877 228.996 30.5466 -0.0513444 0.0900698 46.5888 54.4311 0.997237 0.119309 0.721126 0.738331 0.792613 0.919242 2.17324 0.00828791 34.6275 0.19365 1
202.902 54.5199 -0.291232 2.26098 230.904 28.1677 -0.0801747 0.154672 45.8998 48.6854 0.737396 -0.0667621 0.542815 0.728518 0.625697 0.838931 1.95268 0.014799 35.7867 0.215927 1
202.861 60.7523 -0.484255 3.09808 226.174 35.5361 -0.035668 0.0651002 42.847 51.6413 1.07802 0.265956 0.276546 0.486984 0.741038 0.713771 2.03775 0.0111089 55.6831 0.138095 1
201.06 54.3567 -0.382285 2.99263 228.179 31.3662 -0.150948 0.345988 46.8907 46.8865 0.778472 0.094558 0.647881 0.690505 0.520676 0.945935 1.99166 0.0174315 24.3955 0.285116 1
205.159 61.982 -0.419847 3.97777 228.549 35.713 -0.0643038 0.13946 43.0156 55.1787 1.30422 0.303432 0.768463 0.714943 0.737534 0.957645 1.94831 0.0167697 29.9964 0.263425 1
204.033 54.9092 -0.458016 2.90662 228.525 32.5386 -0.104289 0.239493 42.6139 46.0703 0.843571 0.226287 0.791069 0.80513 0.633142 0.96958 1.97826 0.014864 38.952 0.226471 1212.274 54.429 -0.740557 4.0832 230.542 32.7497 -0.0622654 0.13854 34.8554 44.3962 1.21777 0.3738 0.80749 0.766927 0.666667 0.963684 2.11412 0.00911304 45.1207 0.162882 1
212.951 55.2956 -0.902026 3.97283 230.816 34.7308 -0.0645703 0.155086 33.7674 43.7754 1.16241 0.207455 0.702367 0.70182 0.686441 0.918227 2.05055 0.0114355 40.6763 0.191772 1
162.885 59.4079 -0.109234 2.45347 203.678 41.5789 -0.110051 0.0183798 73.8087 51.2088 0.335348 0.144346 0.31096 0.398059 0.635852 0.84039 1.81376 0.0162963 68.6667 0.162277 1
156.862 60.6082 -0.0295664 2.30146 204.513 39.4065 -0.101945 0.0417603 82.2321 56.7318 0.177264 -0.0355358 0.142781 0.311417 0.849628 0.607341 1.8564 0.0152606 48.963 0.177142 1
202.155 59.8812 -0.258019 3.03877 228.996 30.5466 -0.0513444 0.0900698 46.5888 54.4311 0.997237 0.119309 0.721126 0.738331 0.792613 0.919242 2.17324 0.00828791 34.6275 0.19365 1
202.902 54.5199 -0.291232 2.26098 230.904 28.1677 -0.0801747 0.154672 45.8998 48.6854 0.737396 -0.0667621 0.542815 0.728518 0.625697 0.838931 1.95268 0.014799 35.7867 0.215927 1
202.861 60.7523 -0.484255 3.09808 226.174 35.5361 -0.035668 0.0651002 42.847 51.6413 1.07802 0.265956 0.276546 0.486984 0.741038 0.713771 2.03775 0.0111089 55.6831 0.138095 1
201.06 54.3567 -0.382285 2.99263 228.179 31.3662 -0.150948 0.345988 46.8907 46.8865 0.778472 0.094558 0.647881 0.690505 0.520676 0.945935 1.99166 0.0174315 24.3955 0.285116 1
205.159 61.982 -0.419847 3.97777 228.549 35.713 -0.0643038 0.13946 43.0156 55.1787 1.30422 0.303432 0.768463 0.714943 0.737534 0.957645 1.94831 0.0167697 29.9964 0.263425 1
204.033 54.9092 -0.458016 2.90662 228.525 32.5386 -0.104289 0.239493 42.6139 46.0703 0.843571 0.226287 0.791069 0.80513 0.633142 0.96958 1.97826 0.014864 38.952 0.226471 1
199.143 57.899 -0.276928 2.63514 226.12 33.3297 -0.0863935 0.150619 46.3802 50.8018 0.806543 0.168659 0.465241 0.646481 0.660774 0.805777 2.01658 0.0132968 35.6227 0.212332 1
197.904 56.4755 -0.226355 2.20592 227.327 30.2174 -0.0697676 0.102435 49.2707 50.0604 0.659776 0.0507922 0.715416 0.768743 0.557436 0.961355 2.04189 0.0117083 42.8577 0.23475 1
209.418 57.2957 -0.719503 3.60381 228.775 35.1129 -0.0514924 0.103255 36.7164 46.9684 1.13892 0.158004 0.761138 0.760196 0.552995 0.96812 2.12826 0.00875322 44.3063 0.14723 1
203.748 58.6697 -0.386818 3.89665 228.826 33.6423 -0.0925305 0.211352 44.4736 52.2094 1.18018 0.359803 0.776512 0.800296 0.63114 0.973563 2.00877 0.0120886 49.2742 0.161234 1
213.308 56.2673 -0.709514 3.78309 232.272 32.2001 -0.0516269 0.113535 35.6076 46.9605 1.26195 0.160345 0.658482 0.744332 0.609137 0.892268 2.09549 0.00964877 45.7008 0.175032 1
197.595 58.5297 -0.22141 2.41361 228.018 30.6944 -0.0821374 0.128496 51.3526 52.1628 0.706614 0.103811 0.494501 0.780415 0.690728 0.831884 2.08815 0.00995465 44.1571 0.19585 1
130.554 41.5846 -0.997293 5.89452 205.018 37.1212 -0.100209 0.308778 120.232 37.1383 1.40618 0.31963 0.255319 0.405556 0.277778 0.914491 1.26093 0.0625 84.6667 0.0731913 0
215.517 52.0747 -0.801432 4.21219 233.467 30.7888 -0.0627507 0.148716 32.7664 42.8462 1.29734 0.22095 0.805284 0.861607 0.583333 0.98104 1.98845 0.0126665 48.6895 0.14025 1
211.394 56.9546 -0.708032 3.91218 230.016 34.5113 -0.0584357 0.155105 35.2554 47.3345 1.28052 0.304917 0.722601 0.818966 0.482759 0.968435 2.02589 0.0118013 46.0871 0.160867 1
217.452 51.0746 -0.837509 4.99221 233.815 30.5513 -0.0652138 0.178158 30.0893 42.5135 1.50045 0.415369 0.461625 0.658889 0.72 0.785058 2.02409 0.0120321 32.3373 0.225497 1
212.294 55.0836 -0.700815 3.61686 231.166 31.6697 -0.045757 0.101604 35.6006 45.3392 1.1576 0.199404 0.291557 0.618244 0.541177 0.65708 1.97586 0.0145573 32.0042 0.207691 1
208.498 55.7357 -0.426329 3.77844 232.184 30.3293 -0.0939887 0.234917 40.8978 49.7294 1.19222 0.0982805 0.716424 0.723104 0.545034 0.950294 1.92116 0.0174499 26.9129 0.276 1
212.211 55.3466 -0.670337 3.15685 230.006 32.5673 -0.0409169 0.0789668 34.5328 44.6453 1.05982 0.26831 0.317049 0.646368 0.692308 0.658482 1.9469 0.0179636 34.3713 0.235157 1
213.81 53.2677 -0.889462 3.90341 229.311 35.1931 -0.0816679 0.181352 30.8957 40.3412 1.09836 0.662565 0.763256 0.839583 0.533333 0.975218 2.0088 0.0128045 45.2226 0.203227 1
201.97 57.6976 -0.373915 2.76281 228.039 32.0552 -0.0734654 0.125246 45.628 49.9783 0.884316 0.137997 0.778114 0.753286 0.602765 0.964168 2.13145 0.00918507 46.0647 0.214214 1
193.457 66.5014 -0.35031 2.95321 222.164 39.5654 -0.0697217 0.120751 53.0284 58.4091 0.945128 0.250092 0.247286 0.510699 0.421053 0.719033 2.19376 0.00764386 46.415 0.203454 1
209.562 62.2715 -0.713342 3.57716 229.104 37.1612 -0.0590791 0.12717 39.0521 51.5381 1.18145 0.18295 0.550007 0.752174 0.575 0.828134 2.02031 0.0129956 47.5385 0.166719 1
145.838 22.7438 -0.0881435 5.10751 219.279 9.10696 -0.0274197 0.0349104 107.265 22.392 1.10075 0.100669 0.414731 0.574554 0.35 0.944554 1.63496 0.0244083 55.2692 0.0910423 0
